timestamp,U,max_voltage_V,current_mA,pos_rad,vel_rads
10819,0,12.35,10.00,2.51,0.00
10844,0,12.35,9.00,2.51,0.00
10869,0,12.35,8.00,2.51,0.00
10894,0,12.35,10.00,2.51,0.00
10919,0,12.35,10.00,2.51,0.00
10944,0,12.35,10.00,2.51,0.00
10969,0,12.35,8.00,2.51,0.00
10994,0,12.35,9.00,2.51,0.00
11019,0,12.35,9.00,2.51,0.00
11044,0,12.35,9.00,2.51,0.00
11069,0,12.35,10.00,2.51,0.00
11094,0,12.35,9.00,2.51,0.00
11119,0,12.35,10.00,2.51,0.00
11144,0,12.35,10.00,2.51,0.00
11169,0,12.35,9.00,2.51,0.00
11194,0,12.35,10.00,2.51,0.00
11219,0,12.35,10.00,2.51,0.00
11244,0,12.35,9.00,2.51,0.00
11269,0,12.35,9.00,2.51,0.00
11294,0,12.35,10.00,2.51,0.00
11319,0,12.35,9.00,2.51,0.00
11344,0,12.35,9.00,2.51,0.00
11369,0,12.35,10.00,2.51,0.00
11394,0,12.35,9.00,2.51,0.00
11419,0,12.35,9.00,2.51,0.00
11444,0,12.35,10.00,2.51,0.00
11469,0,12.35,9.00,2.51,0.00
11494,0,12.35,8.00,2.51,0.00
11519,0,12.35,9.00,2.51,0.00
11544,0,12.35,10.00,2.51,0.00
11569,0,12.35,8.00,2.51,0.00
11594,0,12.35,9.00,2.51,0.00
11619,0,12.35,9.00,2.51,0.00
11644,0,12.35,10.00,2.51,0.00
11669,0,12.35,9.00,2.51,0.00
11694,0,12.35,10.00,2.51,0.00
11719,0,12.35,10.00,2.51,0.00
11744,0,12.35,9.00,2.51,0.00
11769,0,12.35,9.00,2.51,0.00
11794,0,12.35,9.00,2.51,0.00
11819,0,12.35,9.00,2.51,0.00
11844,0,12.35,9.00,2.51,0.00
11869,0,12.35,9.00,2.51,0.00
11894,0,12.35,8.00,2.51,0.00
11919,0,12.35,10.00,2.51,0.00
11944,0,12.35,10.00,2.51,0.00
11969,0,12.35,8.00,2.51,0.00
11994,0,12.35,10.00,2.51,0.00
12019,0,12.35,10.00,2.51,0.00
12044,0,12.35,10.00,2.51,0.00
12069,0,12.35,8.00,2.51,0.00
12094,0,12.35,10.00,2.51,0.00
12119,0,12.35,10.00,2.51,0.00
12144,0,12.35,9.00,2.51,0.00
12169,0,12.35,9.00,2.51,0.00
12194,0,12.35,9.00,2.51,0.00
12219,0,12.35,10.00,2.51,0.00
12244,0,12.35,10.00,2.51,0.00
12269,0,12.35,9.00,2.51,0.00
12294,0,12.35,9.00,2.51,0.00
12319,0,12.35,10.00,2.51,0.00
12344,0,12.35,10.00,2.51,0.00
12369,0,12.35,8.00,2.51,0.00
12394,0,12.35,9.00,2.51,0.00
12419,0,12.35,9.00,2.51,0.00
12444,0,12.35,9.00,2.51,0.00
12469,0,12.35,8.00,2.51,0.00
12494,0,12.35,10.00,2.51,0.00
12519,0,12.35,9.00,2.51,0.00
12544,0,12.35,10.00,2.51,0.00
12569,0,12.35,10.00,2.51,0.00
12594,0,12.35,8.00,2.51,0.00
12619,0,12.35,9.00,2.51,0.00
12644,0,12.35,9.00,2.51,0.00
12669,0,12.35,9.00,2.51,0.00
12694,0,12.35,9.00,2.51,0.00
12719,0,12.35,9.00,2.51,0.00
12744,0,12.35,10.00,2.51,0.00
12769,0,12.35,8.00,2.51,0.00
12794,0,12.35,10.00,2.51,0.00
12819,-2,12.35,10.00,2.51,0.00
12844,-2,12.35,10.00,2.51,0.00
12869,-2,12.35,9.00,2.51,0.00
12894,-2,12.35,8.00,2.51,0.00
12919,-2,12.35,9.00,2.51,0.00
12944,-2,12.35,9.00,2.51,0.00
12969,-2,12.35,9.00,2.51,0.00
12994,-2,12.35,10.00,2.51,0.00
13019,-2,12.35,9.00,2.51,0.00
13044,-2,12.35,10.00,2.51,0.00
13069,-2,12.35,8.00,2.51,0.00
13094,-2,12.35,10.00,2.51,0.00
13119,-2,12.35,11.00,2.51,0.00
13144,-2,12.35,9.00,2.51,0.00
13169,-2,12.35,9.00,2.51,0.00
13194,-2,12.35,10.00,2.51,0.00
13219,-2,12.35,9.00,2.51,0.00
13244,-2,12.35,10.00,2.51,0.00
13269,-2,12.35,9.00,2.51,0.00
13294,-2,12.35,9.00,2.51,0.00
13319,-2,12.35,9.00,2.51,0.00
13344,-2,12.35,9.00,2.51,0.00
13369,-2,12.35,10.00,2.51,0.00
13394,-2,12.35,10.00,2.51,0.00
13419,-2,12.35,10.00,2.51,0.00
13444,-2,12.35,10.00,2.51,0.00
13469,-2,12.35,7.00,2.51,0.00
13494,-2,12.35,9.00,2.51,0.00
13519,-2,12.35,10.00,2.51,0.00
13544,-2,12.35,10.00,2.51,0.00
13569,-2,12.35,9.00,2.51,0.00
13594,-2,12.35,9.00,2.51,0.00
13619,-2,12.35,10.00,2.51,0.00
13644,-2,12.35,10.00,2.51,0.00
13669,-2,12.35,10.00,2.51,0.00
13694,-2,12.35,8.00,2.51,0.00
13719,-2,12.35,9.00,2.51,0.00
13744,-2,12.35,10.00,2.51,0.00
13769,-2,12.35,8.00,2.51,0.00
13794,-2,12.35,10.00,2.51,0.00
13819,-6,12.35,10.00,2.51,0.00
13844,-6,12.35,12.00,2.51,0.00
13869,-6,12.35,12.00,2.51,0.00
13894,-6,12.35,11.00,2.51,0.00
13919,-6,12.35,13.00,2.51,0.00
13944,-6,12.35,12.00,2.51,0.00
13969,-6,12.35,11.00,2.51,0.00
13994,-6,12.35,11.00,2.51,0.00
14019,-6,12.35,11.00,2.51,0.00
14044,-6,12.35,13.00,2.51,0.00
14069,-6,12.35,12.00,2.51,0.00
14094,-6,12.35,11.00,2.51,0.00
14119,-6,12.35,11.00,2.51,0.00
14144,-6,12.35,11.00,2.51,0.00
14169,-6,12.35,12.00,2.51,0.00
14194,-6,12.35,12.00,2.51,0.00
14219,-6,12.35,13.00,2.51,0.00
14244,-6,12.35,12.00,2.51,0.00
14269,-6,12.35,12.00,2.51,0.00
14294,-6,12.35,12.00,2.51,0.00
14319,-6,12.35,12.00,2.51,0.00
14344,-6,12.35,12.00,2.51,0.00
14369,-6,12.35,11.00,2.51,0.00
14394,-6,12.35,11.00,2.51,0.00
14419,-6,12.35,12.00,2.51,0.00
14444,-6,12.35,12.00,2.51,0.00
14469,-6,12.35,11.00,2.51,0.00
14494,-6,12.35,12.00,2.51,0.00
14519,-6,12.35,13.00,2.51,0.00
14544,-6,12.35,12.00,2.51,0.00
14569,-6,12.35,12.00,2.51,0.00
14594,-6,12.35,13.00,2.51,0.00
14619,-6,12.35,12.00,2.51,0.00
14644,-6,12.35,12.00,2.51,0.00
14669,-6,12.35,13.00,2.51,0.00
14694,-6,12.35,12.00,2.51,0.00
14719,-6,12.35,12.00,2.51,0.00
14744,-6,12.35,13.00,2.51,0.00
14769,-6,12.35,11.00,2.51,0.00
14794,-6,12.35,11.00,2.51,0.00
14819,-14,12.35,11.00,2.51,0.00
14844,-14,12.35,12.00,2.51,0.00
14869,-14,12.35,10.00,2.51,0.00
14894,-14,12.35,11.00,2.51,0.00
14919,-14,12.35,11.00,2.51,0.00
14944,-14,12.35,11.00,2.51,0.00
14969,-14,12.35,12.00,2.51,0.00
14994,-14,12.35,12.00,2.51,0.00
15019,-14,12.35,11.00,2.51,0.00
15044,-14,12.35,12.00,2.51,0.00
15069,-14,12.35,12.00,2.51,0.00
15094,-14,12.35,11.00,2.51,0.00
15119,-14,12.35,11.00,2.51,0.00
15144,-14,12.35,12.00,2.51,0.00
15169,-14,12.35,12.00,2.51,0.00
15194,-14,12.35,13.00,2.51,0.00
15219,-14,12.35,11.00,2.51,0.00
15244,-14,12.35,13.00,2.51,0.00
15269,-14,12.35,11.00,2.51,0.00
15294,-14,12.35,13.00,2.51,0.00
15319,-14,12.35,11.00,2.51,0.00
15344,-14,12.35,12.00,2.51,0.00
15369,-14,12.35,13.00,2.51,0.00
15394,-14,12.35,11.00,2.51,0.00
15419,-14,12.35,10.00,2.51,0.00
15444,-14,12.35,11.00,2.51,0.00
15469,-14,12.35,9.00,2.51,0.00
15494,-14,12.35,11.00,2.51,0.00
15519,-14,12.35,11.00,2.51,0.00
15544,-14,12.35,12.00,2.51,0.00
15569,-14,12.35,13.00,2.51,0.00
15594,-14,12.35,11.00,2.51,0.00
15619,-14,12.35,10.00,2.51,0.00
15644,-14,12.35,11.00,2.51,0.00
15669,-14,12.35,12.00,2.51,0.00
15694,-14,12.35,12.00,2.51,0.00
15719,-14,12.35,12.00,2.51,0.00
15744,-14,12.35,11.00,2.51,0.00
15769,-14,12.35,11.00,2.51,0.00
15794,-14,12.35,11.00,2.51,0.00
15819,-26,12.35,11.00,2.51,0.00
15844,-26,12.35,12.00,2.51,0.00
15869,-26,12.35,13.00,2.51,0.00
15894,-26,12.35,12.00,2.51,0.00
15919,-26,12.35,12.00,2.51,0.00
15944,-26,12.35,12.00,2.51,0.00
15969,-26,12.35,12.00,2.51,0.00
15994,-26,12.35,12.00,2.51,0.00
16019,-26,12.35,11.00,2.51,0.00
16044,-26,12.35,10.00,2.51,0.00
16069,-26,12.35,11.00,2.51,0.00
16094,-26,12.35,12.00,2.51,0.00
16119,-26,12.35,12.00,2.51,0.00
16144,-26,12.35,12.00,2.51,0.00
16169,-26,12.35,12.00,2.51,0.00
16194,-26,12.35,12.00,2.51,0.00
16219,-26,12.35,12.00,2.51,0.00
16244,-26,12.35,11.00,2.51,0.00
16269,-26,12.35,12.00,2.51,0.00
16294,-26,12.35,13.00,2.51,0.00
16319,-26,12.35,12.00,2.51,0.00
16344,-26,12.35,11.00,2.51,0.00
16369,-26,12.35,12.00,2.51,0.00
16394,-26,12.35,12.00,2.51,0.00
16419,-26,12.35,12.00,2.51,0.00
16444,-26,12.35,11.00,2.51,0.00
16469,-26,12.35,11.00,2.51,0.00
16494,-26,12.35,12.00,2.51,0.00
16519,-26,12.35,12.00,2.51,0.00
16544,-26,12.35,12.00,2.51,0.00
16569,-26,12.35,12.00,2.51,0.00
16594,-26,12.35,12.00,2.51,0.00
16619,-26,12.35,11.00,2.51,0.00
16644,-26,12.35,12.00,2.51,0.00
16669,-26,12.35,11.00,2.51,0.00
16694,-26,12.35,12.00,2.51,0.00
16719,-26,12.35,12.00,2.51,0.00
16744,-26,12.35,12.00,2.51,0.00
16769,-26,12.35,12.00,2.51,0.00
16794,-26,12.35,12.00,2.51,0.00
16819,-40,12.35,12.00,2.51,0.00
16844,-40,12.35,11.00,2.51,0.00
16869,-40,12.35,12.00,2.51,0.00
16894,-40,12.35,12.00,2.51,0.00
16919,-40,12.35,12.00,2.51,0.00
16944,-40,12.35,14.00,2.51,0.00
16969,-40,12.35,13.00,2.51,0.00
16994,-40,12.35,12.00,2.51,0.00
17019,-40,12.35,11.00,2.51,0.00
17044,-40,12.35,13.00,2.51,0.00
17069,-40,12.35,12.00,2.51,0.00
17094,-40,12.35,10.00,2.51,0.00
17119,-40,12.35,13.00,2.51,0.00
17144,-40,12.35,12.00,2.51,0.00
17169,-40,12.35,12.00,2.51,0.00
17194,-40,12.35,12.00,2.51,0.00
17219,-40,12.35,13.00,2.51,0.00
17244,-40,12.35,12.00,2.51,0.00
17269,-40,12.35,10.00,2.51,0.00
17294,-40,12.35,11.00,2.51,0.00
17319,-40,12.35,13.00,2.51,0.00
17344,-40,12.35,12.00,2.51,0.00
17369,-40,12.35,13.00,2.51,0.00
17394,-40,12.35,13.00,2.51,0.00
17419,-40,12.35,11.00,2.51,0.00
17444,-40,12.35,13.00,2.51,0.00
17469,-40,12.35,12.00,2.51,0.00
17494,-40,12.35,11.00,2.51,0.00
17519,-40,12.35,13.00,2.51,0.00
17544,-40,12.35,12.00,2.51,0.00
17569,-40,12.35,12.00,2.51,0.00
17594,-40,12.35,12.00,2.51,0.00
17619,-40,12.35,12.00,2.51,0.00
17644,-40,12.35,12.00,2.51,0.00
17669,-40,12.35,11.00,2.51,0.00
17694,-40,12.35,13.00,2.51,0.00
17719,-40,12.35,12.00,2.51,0.00
17744,-40,12.35,12.00,2.51,0.00
17769,-40,12.35,12.00,2.51,0.00
17794,-40,12.35,13.00,2.51,0.00
17819,-58,12.35,12.00,2.51,0.00
17844,-58,12.35,13.00,2.51,0.00
17869,-58,12.35,12.00,2.51,0.00
17894,-58,12.35,13.00,2.51,0.00
17919,-58,12.35,13.00,2.51,0.00
17944,-58,12.35,13.00,2.51,0.00
17969,-58,12.35,12.00,2.51,0.00
17994,-58,12.35,13.00,2.51,0.00
18019,-58,12.35,13.00,2.51,0.00
18044,-58,12.35,14.00,2.51,0.00
18069,-58,12.35,13.00,2.51,0.00
18094,-58,12.35,13.00,2.51,0.00
18119,-58,12.35,14.00,2.51,0.00
18144,-58,12.35,13.00,2.51,0.00
18169,-58,12.35,13.00,2.51,0.00
18194,-58,12.35,14.00,2.51,0.00
18219,-58,12.35,12.00,2.51,0.00
18244,-58,12.35,14.00,2.51,0.00
18269,-58,12.35,13.00,2.51,0.00
18294,-58,12.35,13.00,2.51,0.00
18319,-58,12.35,12.00,2.51,0.00
18344,-58,12.35,13.00,2.51,0.00
18369,-58,12.35,13.00,2.51,0.00
18394,-58,12.35,13.00,2.51,0.00
18419,-58,12.35,14.00,2.51,0.00
18444,-58,12.35,13.00,2.51,0.00
18469,-58,12.35,12.00,2.51,0.00
18494,-58,12.35,13.00,2.51,0.00
18519,-58,12.35,12.00,2.51,0.00
18544,-58,12.35,14.00,2.51,0.00
18569,-58,12.35,13.00,2.51,0.00
18594,-58,12.35,13.00,2.51,0.00
18619,-58,12.35,13.00,2.51,0.00
18644,-58,12.35,14.00,2.51,0.00
18669,-58,12.35,12.00,2.51,0.00
18694,-58,12.35,14.00,2.51,0.00
18719,-58,12.35,12.00,2.51,0.00
18744,-58,12.35,14.00,2.51,0.00
18769,-58,12.35,12.00,2.51,0.00
18794,-58,12.35,13.00,2.51,0.00
18819,-79,12.35,13.00,2.51,0.00
18844,-79,12.35,14.00,2.51,0.00
18869,-79,12.35,14.00,2.51,0.00
18894,-79,12.35,14.00,2.51,-0.06
18919,-79,12.35,15.00,2.51,0.00
18944,-79,12.35,14.00,2.51,0.00
18969,-79,12.35,14.00,2.51,0.00
18994,-79,12.35,15.00,2.51,0.00
19019,-79,12.35,14.00,2.51,0.00
19044,-79,12.35,15.00,2.51,0.00
19069,-79,12.35,15.00,2.51,0.00
19094,-79,12.35,15.00,2.51,0.00
19119,-79,12.35,14.00,2.51,0.00
19144,-79,12.35,14.00,2.51,0.00
19169,-79,12.35,15.00,2.51,0.00
19194,-79,12.35,15.00,2.51,0.00
19219,-79,12.35,15.00,2.51,0.00
19244,-79,12.35,15.00,2.51,0.00
19269,-79,12.35,13.00,2.51,0.00
19294,-79,12.35,14.00,2.51,0.00
19319,-79,12.35,14.00,2.51,0.00
19344,-79,12.35,14.00,2.51,0.00
19369,-79,12.35,13.00,2.51,0.00
19394,-79,12.35,15.00,2.51,0.00
19419,-79,12.35,15.00,2.51,0.00
19444,-79,12.35,16.00,2.51,0.00
19469,-79,12.35,13.00,2.51,0.00
19494,-79,12.35,14.00,2.51,0.00
19519,-79,12.35,15.00,2.51,0.00
19544,-79,12.35,14.00,2.51,0.00
19569,-79,12.35,15.00,2.51,0.00
19594,-79,12.35,15.00,2.51,0.00
19619,-79,12.35,15.00,2.51,0.00
19644,-79,12.35,13.00,2.51,0.00
19669,-79,12.35,14.00,2.51,0.00
19694,-79,12.35,14.00,2.51,0.00
19719,-79,12.35,15.00,2.51,0.00
19744,-79,12.35,11.00,2.51,0.00
19769,-79,12.35,15.00,2.51,0.00
19794,-79,12.35,14.00,2.51,0.00
19819,-103,12.35,14.00,2.51,0.00
19844,-103,12.35,15.00,2.51,0.00
19869,-103,12.35,17.00,2.51,0.00
19894,-103,12.35,17.00,2.51,-0.06
19919,-103,12.35,19.00,2.51,0.00
19944,-103,12.35,16.00,2.51,0.00
19969,-103,12.35,19.00,2.51,0.00
19994,-103,12.35,16.00,2.51,0.00
20019,-103,12.35,18.00,2.51,0.00
20044,-103,12.35,18.00,2.51,0.00
20069,-103,12.35,16.00,2.51,0.00
20094,-103,12.35,17.00,2.51,0.00
20119,-103,12.35,16.00,2.51,0.00
20144,-103,12.35,17.00,2.51,0.00
20169,-103,12.35,17.00,2.51,0.00
20194,-103,12.35,16.00,2.51,0.00
20219,-103,12.35,16.00,2.51,0.00
20244,-103,12.35,17.00,2.51,0.00
20269,-103,12.35,16.00,2.51,0.00
20294,-103,12.35,17.00,2.51,0.00
20319,-103,12.35,17.00,2.51,0.00
20344,-103,12.35,17.00,2.51,0.00
20369,-103,12.35,16.00,2.51,0.00
20394,-103,12.35,16.00,2.51,0.00
20419,-103,12.35,17.00,2.51,0.00
20444,-103,12.35,17.00,2.51,0.00
20469,-103,12.35,19.00,2.51,0.00
20494,-103,12.35,16.00,2.51,0.00
20519,-103,12.35,17.00,2.51,0.00
20544,-103,12.35,16.00,2.51,0.00
20569,-103,12.35,16.00,2.51,0.00
20594,-103,12.35,15.00,2.51,0.00
20619,-103,12.35,17.00,2.51,0.00
20644,-103,12.35,18.00,2.51,0.00
20669,-103,12.35,16.00,2.51,0.00
20694,-103,12.35,18.00,2.51,0.00
20719,-103,12.35,18.00,2.51,0.00
20744,-103,12.35,16.00,2.51,0.00
20769,-103,12.35,16.00,2.51,0.00
20794,-103,12.35,16.00,2.51,0.00
20819,-130,12.35,16.00,2.51,0.00
20844,-130,12.35,19.00,2.51,0.00
20869,-130,12.35,17.00,2.51,-0.06
20894,-130,12.35,20.00,2.51,0.00
20919,-130,12.35,20.00,2.51,-0.06
20944,-130,12.35,17.00,2.51,0.00
20969,-130,12.35,17.00,2.51,0.00
20994,-130,12.35,17.00,2.51,-0.06
21019,-130,12.35,17.00,2.51,0.00
21044,-130,12.35,17.00,2.50,-0.11
21069,-130,12.35,17.00,2.50,-0.11
21094,-130,12.35,19.00,2.50,-0.22
21119,-130,12.35,16.00,2.49,-0.28
21144,-130,12.35,16.00,2.48,-0.34
21169,-130,12.35,16.00,2.47,-0.22
21194,-130,12.35,15.00,2.47,-0.22
21219,-130,12.35,15.00,2.46,-0.28
21244,-130,12.35,15.00,2.46,-0.22
21269,-130,12.35,15.00,2.45,-0.28
21294,-130,12.35,16.00,2.44,-0.22
21319,-130,12.35,16.00,2.44,-0.22
21344,-130,12.35,16.00,2.43,-0.34
21369,-130,12.35,14.00,2.42,-0.28
21394,-130,12.35,15.00,2.42,-0.22
21419,-130,12.35,16.00,2.41,-0.17
21444,-130,12.35,15.00,2.41,-0.22
21469,-130,12.35,16.00,2.40,-0.34
21494,-130,12.35,16.00,2.39,-0.28
21519,-130,12.35,16.00,2.38,-0.28
21544,-130,12.35,16.00,2.38,-0.17
21569,-130,12.35,16.00,2.37,-0.34
21594,-130,12.35,15.00,2.37,-0.22
21619,-130,12.35,15.00,2.36,-0.28
21644,-130,12.35,16.00,2.35,-0.22
21669,-130,12.35,14.00,2.35,-0.22
21694,-130,12.35,15.00,2.34,-0.34
21719,-130,12.35,14.00,2.33,-0.28
21744,-130,12.35,15.00,2.33,-0.22
21769,-130,12.35,17.00,2.32,-0.22
21794,-130,12.35,16.00,2.31,-0.28
21819,-161,12.35,16.00,2.31,-0.28
21844,-161,12.35,17.00,2.30,-0.34
21869,-161,12.35,16.00,2.29,-0.34
21894,-161,12.35,18.00,2.28,-0.34
21919,-161,12.35,19.00,2.27,-0.39
21944,-161,12.35,18.00,2.26,-0.39
21969,-161,12.35,17.00,2.25,-0.39
21994,-161,12.35,16.00,2.24,-0.39
22019,-161,12.35,16.00,2.23,-0.39
22044,-161,12.35,18.00,2.22,-0.39
22069,-161,12.35,17.00,2.21,-0.45
22094,-161,12.35,16.00,2.20,-0.39
22119,-161,12.35,18.00,2.19,-0.39
22144,-161,12.35,17.00,2.18,-0.39
22169,-161,12.35,16.00,2.17,-0.39
22194,-161,12.35,17.00,2.16,-0.39
22219,-161,12.35,17.00,2.15,-0.45
22244,-161,12.35,17.00,2.14,-0.39
22269,-161,12.35,17.00,2.13,-0.39
22294,-161,12.35,17.00,2.12,-0.45
22319,-161,12.35,17.00,2.11,-0.34
22344,-161,12.35,17.00,2.10,-0.39
22369,-161,12.35,19.00,2.09,-0.45
22394,-161,12.35,16.00,2.08,-0.39
22419,-161,12.35,15.00,2.07,-0.39
22444,-161,12.35,17.00,2.06,-0.45
22469,-161,12.35,16.00,2.05,-0.39
22494,-161,12.35,17.00,2.04,-0.39
22519,-161,12.35,16.00,2.03,-0.45
22544,-161,12.35,15.00,2.02,-0.39
22569,-161,12.35,16.00,2.01,-0.39
22594,-161,12.35,17.00,2.00,-0.39
22619,-161,12.35,16.00,1.99,-0.39
22644,-161,12.35,16.00,1.98,-0.45
22669,-161,12.35,17.00,1.97,-0.45
22694,-161,12.35,17.00,1.96,-0.34
22719,-161,12.35,16.00,1.95,-0.45
22744,-161,12.35,16.00,1.94,-0.39
22769,-161,12.35,15.00,1.93,-0.39
22794,-161,12.35,17.00,1.92,-0.45
22819,-195,12.35,17.00,1.91,-0.39
22844,-195,12.35,21.00,1.90,-0.45
22869,-195,12.35,17.00,1.88,-0.50
22894,-195,12.35,17.00,1.87,-0.50
22919,-195,12.35,17.00,1.86,-0.56
22944,-195,12.35,17.00,1.84,-0.50
22969,-195,12.35,18.00,1.83,-0.56
22994,-195,12.35,19.00,1.82,-0.56
23019,-195,12.35,17.00,1.80,-0.56
23044,-195,12.35,17.00,1.79,-0.56
23069,-195,12.35,19.00,1.77,-0.56
23094,-195,12.35,20.00,1.76,-0.56
23119,-195,12.35,17.00,1.75,-0.50
23144,-195,12.35,17.00,1.73,-0.62
23169,-195,12.35,17.00,1.72,-0.50
23194,-195,12.35,17.00,1.71,-0.56
23219,-195,12.35,17.00,1.69,-0.56
23244,-195,12.35,16.00,1.68,-0.56
23269,-195,12.35,17.00,1.66,-0.62
23294,-195,12.35,18.00,1.65,-0.50
23319,-195,12.35,18.00,1.64,-0.56
23344,-195,12.35,17.00,1.62,-0.56
23369,-195,12.35,17.00,1.61,-0.56
23394,-195,12.35,17.00,1.59,-0.62
23419,-195,12.35,17.00,1.58,-0.56
23444,-195,12.35,20.00,1.56,-0.56
23469,-195,12.35,20.00,1.55,-0.50
23494,-195,12.35,18.00,1.54,-0.56
23519,-195,12.35,17.00,1.52,-0.62
23544,-195,12.35,17.00,1.51,-0.50
23569,-195,12.35,17.00,1.49,-0.62
23594,-195,12.35,16.00,1.48,-0.56
23619,-195,12.35,17.00,1.47,-0.56
23644,-195,12.35,18.00,1.45,-0.56
23669,-195,12.35,17.00,1.44,-0.56
23694,-195,12.35,16.00,1.42,-0.56
23719,-195,12.35,17.00,1.41,-0.56
23744,-195,12.35,18.00,1.40,-0.56
23769,-195,12.35,18.00,1.38,-0.56
23794,-195,12.35,19.00,1.37,-0.56
23819,-231,12.35,17.00,1.35,-0.56
23844,-231,12.35,22.00,1.34,-0.62
23869,-231,12.35,22.00,1.32,-0.62
23894,-231,12.35,19.00,1.31,-0.67
23919,-231,12.35,19.00,1.29,-0.67
23944,-231,12.35,17.00,1.27,-0.73
23969,-231,12.35,19.00,1.25,-0.73
23994,-231,12.35,20.00,1.23,-0.73
24019,-231,12.35,20.00,1.22,-0.67
24044,-231,12.35,19.00,1.20,-0.73
24069,-231,12.35,19.00,1.18,-0.67
24094,-231,12.35,20.00,1.16,-0.73
24119,-231,12.35,22.00,1.15,-0.73
24144,-231,12.35,19.00,1.13,-0.73
24169,-231,12.35,18.00,1.11,-0.73
24194,-231,12.35,17.00,1.09,-0.67
24219,-231,12.35,20.00,1.07,-0.73
24244,-231,12.35,22.00,1.06,-0.73
24269,-231,12.35,20.00,1.04,-0.67
24294,-231,12.35,20.00,1.02,-0.73
24319,-231,12.35,19.00,1.00,-0.67
24344,-231,12.35,17.00,0.98,-0.79
24369,-231,12.35,18.00,0.97,-0.67
24394,-231,12.35,23.00,0.95,-0.73
24419,-231,12.35,18.00,0.93,-0.73
24444,-231,12.35,17.00,0.91,-0.67
24469,-231,12.35,19.00,0.90,-0.73
24494,-231,12.35,22.00,0.88,-0.73
24519,-231,12.35,20.00,0.86,-0.67
24544,-231,12.35,17.00,0.84,-0.73
24569,-231,12.35,18.00,0.83,-0.67
24594,-231,12.35,17.00,0.81,-0.79
24619,-231,12.35,19.00,0.79,-0.67
24644,-231,12.35,24.00,0.77,-0.73
24669,-231,12.35,24.00,0.75,-0.73
24694,-231,12.35,20.00,0.74,-0.67
24719,-231,12.35,18.00,0.72,-0.73
24744,-231,12.35,19.00,0.70,-0.73
24769,-231,12.35,19.00,0.68,-0.73
24794,-231,12.35,19.00,0.66,-0.67
24819,-272,12.35,20.00,0.65,-0.67
24844,-272,12.35,24.00,0.63,-0.79
24869,-272,12.35,26.00,0.61,-0.79
24894,-272,12.35,20.00,0.59,-0.90
24919,-272,12.35,22.00,0.57,-0.84
24944,-272,12.35,23.00,0.54,-0.84
24969,-272,12.35,19.00,0.52,-0.90
24994,-272,12.35,24.00,0.50,-0.84
25019,-272,12.35,20.00,0.48,-0.90
25044,-272,12.35,23.00,0.46,-0.90
25069,-272,12.35,21.00,0.43,-0.90
25094,-272,12.35,23.00,0.41,-0.84
25119,-272,12.35,23.00,0.39,-0.84
25144,-272,12.35,23.00,0.37,-0.90
25169,-272,12.35,19.00,0.35,-0.90
25194,-272,12.35,24.00,0.32,-0.90
25219,-272,12.35,19.00,0.30,-0.84
25244,-272,12.35,24.00,0.28,-0.90
25269,-272,12.35,20.00,0.26,-0.90
25294,-272,12.35,22.00,0.24,-0.84
25319,-272,12.35,23.00,0.21,-0.90
25344,-272,12.35,20.00,0.19,-0.84
25369,-272,12.35,23.00,0.17,-0.90
25394,-272,12.35,21.00,0.15,-0.90
25419,-272,12.35,22.00,0.13,-0.84
25444,-272,12.35,20.00,0.11,-0.90
25469,-272,12.35,20.00,0.08,-0.90
25494,-272,12.35,21.00,0.06,-0.90
25519,-272,12.35,25.00,0.04,-0.84
25544,-272,12.35,19.00,0.02,-0.84
25569,-272,12.35,24.00,-0.00,-0.90
25594,-272,12.35,19.00,-0.03,-0.90
25619,-272,12.35,21.00,-0.05,-0.90
25644,-272,12.35,20.00,-0.07,-0.84
25669,-272,12.35,21.00,-0.09,-0.84
25694,-272,12.35,26.00,-0.11,-0.90
25719,-272,12.35,18.00,-0.14,-0.90
25744,-272,12.35,25.00,-0.16,-0.90
25769,-272,12.35,20.00,-0.18,-0.84
25794,-272,12.35,22.00,-0.20,-0.90
25819,-315,12.35,20.00,-0.22,-0.90
25844,-315,12.35,26.00,-0.25,-0.90
25869,-315,12.35,30.00,-0.27,-1.01
25894,-315,12.35,21.00,-0.30,-0.95
25919,-315,12.35,25.00,-0.32,-1.07
25944,-315,12.35,26.00,-0.35,-1.01
25969,-315,12.35,21.00,-0.37,-1.01
25994,-315,12.35,22.00,-0.40,-1.12
26019,-315,12.35,27.00,-0.43,-1.01
26044,-315,12.35,21.00,-0.45,-1.07
26069,-315,12.35,20.00,-0.48,-1.01
26094,-315,12.35,27.00,-0.50,-1.07
26119,-315,12.35,26.00,-0.53,-1.07
26144,-315,12.35,21.00,-0.56,-1.01
26169,-315,12.35,21.00,-0.58,-1.07
26194,-315,12.35,26.00,-0.61,-1.07
26219,-315,12.35,22.00,-0.64,-1.07
26244,-315,12.35,27.00,-0.66,-1.01
26269,-315,12.35,22.00,-0.69,-1.07
26294,-315,12.35,24.00,-0.72,-1.07
26319,-315,12.35,26.00,-0.74,-1.01
26344,-315,12.35,23.00,-0.77,-1.07
26369,-315,12.35,19.00,-0.79,-1.01
26394,-315,12.35,22.00,-0.82,-1.07
26419,-315,12.35,27.00,-0.85,-1.07
26444,-315,12.35,24.00,-0.87,-1.01
26469,-315,12.35,21.00,-0.90,-1.12
26494,-315,12.35,26.00,-0.92,-1.01
26519,-315,12.35,23.00,-0.95,-1.07
26544,-315,12.35,21.00,-0.98,-1.07
26569,-315,12.35,21.00,-1.00,-1.01
26594,-315,12.35,26.00,-1.03,-1.07
26619,-315,12.35,23.00,-1.06,-1.07
26644,-315,12.35,27.00,-1.08,-1.07
26669,-315,12.35,25.00,-1.11,-1.01
26694,-315,12.35,22.00,-1.13,-1.07
26719,-315,12.35,26.00,-1.16,-1.07
26744,-315,12.35,26.00,-1.19,-1.07
26769,-315,12.35,20.00,-1.21,-1.07
26794,-315,12.35,21.00,-1.24,-1.01
26819,-361,12.35,26.00,-1.27,-1.07
26844,-361,12.35,31.00,-1.29,-1.12
26869,-361,12.35,26.00,-1.32,-1.12
26894,-361,12.35,24.00,-1.35,-1.23
26919,-361,12.35,23.00,-1.38,-1.18
26944,-361,12.35,24.00,-1.41,-1.23
26969,-361,12.35,25.00,-1.44,-1.23
26994,-361,12.35,24.00,-1.48,-1.23
27019,-361,12.35,23.00,-1.51,-1.23
27044,-361,12.35,22.00,-1.54,-1.23
27069,-361,12.35,22.00,-1.57,-1.29
27094,-361,12.35,22.00,-1.60,-1.18
27119,-361,12.35,23.00,-1.63,-1.23
27144,-361,12.35,21.00,-1.66,-1.29
27169,-361,12.35,21.00,-1.69,-1.18
27194,-361,12.35,20.00,-1.72,-1.29
27219,-361,12.35,21.00,-1.75,-1.23
27244,-361,12.35,21.00,-1.79,-1.23
27269,-361,12.35,20.00,-1.82,-1.23
27294,-361,12.35,21.00,-1.85,-1.23
27319,-361,12.35,21.00,-1.88,-1.29
27344,-361,12.35,22.00,-1.91,-1.18
27369,-361,12.35,22.00,-1.94,-1.29
27394,-361,12.35,23.00,-1.97,-1.23
27419,-361,12.35,22.00,-2.00,-1.23
27444,-361,12.35,22.00,-2.03,-1.23
27469,-361,12.35,22.00,-2.06,-1.23
27494,-361,12.35,22.00,-2.10,-1.29
27519,-361,12.35,21.00,-2.13,-1.18
27544,-361,12.35,21.00,-2.16,-1.29
27569,-361,12.35,25.00,-2.19,-1.23
27594,-361,12.35,25.00,-2.22,-1.18
27619,-361,12.35,24.00,-2.25,-1.29
27644,-361,12.35,25.00,-2.28,-1.23
27669,-361,12.35,26.00,-2.31,-1.23
27694,-361,12.35,25.00,-2.34,-1.23
27719,-361,12.35,27.00,-2.37,-1.23
27744,-361,12.35,23.00,-2.41,-1.23
27769,-361,12.35,22.00,-2.44,-1.23
27794,-361,12.35,22.00,-2.47,-1.29
27819,-411,12.35,22.00,-2.50,-1.18
27844,-411,12.35,28.00,-2.53,-1.29
27869,-411,12.35,29.00,-2.56,-1.35
27894,-411,12.35,35.00,-2.60,-1.40
27919,-411,12.35,26.00,-2.63,-1.40
27944,-411,12.35,25.00,-2.67,-1.40
27969,-411,12.35,35.00,-2.71,-1.46
27994,-411,12.35,25.00,-2.74,-1.40
28019,-411,12.35,27.00,-2.78,-1.46
28044,-411,12.35,35.00,-2.81,-1.46
28069,-411,12.35,26.00,-2.85,-1.40
28094,-411,12.35,23.00,-2.88,-1.46
28119,-411,12.35,27.00,-2.92,-1.40
28144,-411,12.35,30.00,-2.96,-1.40
28169,-411,12.35,25.00,-2.99,-1.51
28194,-411,12.35,34.00,-3.03,-1.40
28219,-411,12.35,30.00,-3.06,-1.46
28244,-411,12.35,22.00,-3.10,-1.40
28269,-411,12.35,33.00,-3.14,-1.46
28294,-411,12.35,27.00,-3.17,-1.46
28319,-411,12.35,26.00,-3.21,-1.40
28344,-411,12.35,34.00,-3.24,-1.46
28369,-411,12.35,26.00,-3.28,-1.40
28394,-411,12.35,23.00,-3.32,-1.46
28419,-411,12.35,34.00,-3.35,-1.46
28444,-411,12.35,26.00,-3.39,-1.40
28469,-411,12.35,23.00,-3.42,-1.46
28494,-411,12.35,29.00,-3.46,-1.40
28519,-411,12.35,30.00,-3.50,-1.51
28544,-411,12.35,25.00,-3.53,-1.40
28569,-411,12.35,32.00,-3.57,-1.40
28594,-411,12.35,26.00,-3.60,-1.51
28619,-411,12.35,24.00,-3.64,-1.40
28644,-411,12.35,37.00,-3.68,-1.46
28669,-411,12.35,25.00,-3.71,-1.40
28694,-411,12.35,28.00,-3.75,-1.51
28719,-411,12.35,32.00,-3.78,-1.40
28744,-411,12.35,23.00,-3.82,-1.40
28769,-411,12.35,27.00,-3.86,-1.51
28794,-411,12.35,33.00,-3.89,-1.40
28819,-464,12.35,30.00,-3.93,-1.46
28844,-464,12.35,31.00,-3.97,-1.51
28869,-464,12.35,32.00,-4.00,-1.51
28894,-464,12.35,38.00,-4.05,-1.68
28919,-464,12.35,24.00,-4.09,-1.57
28944,-464,12.35,30.00,-4.13,-1.68
28969,-464,12.35,37.00,-4.17,-1.63
28994,-464,12.35,25.00,-4.21,-1.68
29019,-464,12.35,27.00,-4.25,-1.63
29044,-464,12.35,34.00,-4.29,-1.68
29069,-464,12.35,32.00,-4.34,-1.68
29094,-464,12.35,28.00,-4.38,-1.63
29119,-464,12.35,29.00,-4.42,-1.68
29144,-464,12.35,38.00,-4.46,-1.68
29169,-464,12.35,31.00,-4.50,-1.63
29194,-464,12.35,31.00,-4.54,-1.68
29219,-464,12.35,35.00,-4.58,-1.63
29244,-464,12.35,30.00,-4.63,-1.74
29269,-464,12.35,26.00,-4.67,-1.63
29294,-464,12.35,28.00,-4.71,-1.74
29319,-464,12.35,36.00,-4.75,-1.63
29344,-464,12.35,29.00,-4.79,-1.63
29369,-464,12.35,25.00,-4.83,-1.68
29394,-464,12.35,35.00,-4.88,-1.68
29419,-464,12.35,35.00,-4.92,-1.68
29444,-464,12.35,24.00,-4.96,-1.63
29469,-464,12.35,31.00,-5.00,-1.68
29494,-464,12.35,38.00,-5.04,-1.68
29519,-464,12.35,29.00,-5.08,-1.63
29544,-464,12.35,26.00,-5.13,-1.74
29569,-464,12.35,37.00,-5.17,-1.63
29594,-464,12.35,32.00,-5.21,-1.63
29619,-464,12.35,24.00,-5.25,-1.74
29644,-464,12.35,31.00,-5.29,-1.63
29669,-464,12.35,40.00,-5.34,-1.74
29694,-464,12.35,32.00,-5.38,-1.63
29719,-464,12.35,26.00,-5.42,-1.68
29744,-464,12.35,29.00,-5.46,-1.63
29769,-464,12.35,33.00,-5.50,-1.68
29794,-464,12.35,28.00,-5.54,-1.68
29819,-520,12.35,25.00,-5.58,-1.63
29844,-520,12.35,46.00,-5.63,-1.80
29869,-520,12.35,43.00,-5.67,-1.74
29894,-520,12.35,42.00,-5.72,-1.85
29919,-520,12.35,38.00,-5.77,-1.91
29944,-520,12.35,34.00,-5.81,-1.85
29969,-520,12.35,33.00,-5.86,-1.91
29994,-520,12.35,27.00,-5.91,-1.85
30019,-520,12.35,28.00,-5.96,-1.96
30044,-520,12.35,25.00,-6.00,-1.85
30069,-520,12.35,33.00,-6.05,-1.91
30094,-520,12.35,35.00,-6.10,-1.91
30119,-520,12.35,47.00,-6.15,-1.91
30144,-520,12.35,43.00,-6.19,-1.96
30169,-520,12.35,34.00,-6.24,-1.85
30194,-520,12.35,33.00,-6.29,-1.85
30219,-520,12.35,28.00,-6.34,-1.96
30244,-520,12.35,30.00,-6.38,-1.85
30269,-520,12.35,27.00,-6.43,-1.96
30294,-520,12.35,30.00,-6.48,-1.85
30319,-520,12.35,38.00,-6.52,-1.85
30344,-520,12.35,39.00,-6.57,-1.96
30369,-520,12.35,39.00,-6.62,-1.85
30394,-520,12.35,40.00,-6.67,-1.91
30419,-520,12.35,35.00,-6.72,-1.91
30444,-520,12.35,36.00,-6.76,-1.91
30469,-520,12.35,28.00,-6.81,-1.85
30494,-520,12.35,30.00,-6.86,-1.85
30519,-520,12.35,28.00,-6.90,-1.96
30544,-520,12.35,30.00,-6.95,-1.85
30569,-520,12.35,32.00,-7.00,-1.91
30594,-520,12.35,41.00,-7.05,-1.91
30619,-520,12.35,38.00,-7.09,-1.85
30644,-520,12.35,41.00,-7.14,-1.91
30669,-520,12.35,41.00,-7.19,-1.85
30694,-520,12.35,38.00,-7.24,-1.96
30719,-520,12.35,31.00,-7.28,-1.85
30744,-520,12.35,37.00,-7.33,-1.96
30769,-520,12.35,29.00,-7.38,-1.85
30794,-520,12.35,28.00,-7.42,-1.85
30819,-579,12.35,27.00,-7.47,-1.91
30844,-579,12.35,46.00,-7.52,-1.91
30869,-579,12.35,45.00,-7.57,-2.08
30894,-579,12.35,31.00,-7.62,-2.08
30919,-579,12.35,44.00,-7.67,-2.08
30944,-579,12.35,39.00,-7.73,-2.13
30969,-579,12.35,33.00,-7.78,-2.13
30994,-579,12.35,34.00,-7.84,-2.19
31019,-579,12.35,43.00,-7.89,-2.08
31044,-579,12.35,39.00,-7.94,-2.08
31069,-579,12.35,42.00,-8.00,-2.24
31094,-579,12.35,32.00,-8.05,-2.08
31119,-579,12.35,39.00,-8.10,-2.19
31144,-579,12.35,30.00,-8.15,-2.08
31169,-579,12.35,47.00,-8.21,-2.19
31194,-579,12.35,37.00,-8.26,-2.13
31219,-579,12.35,41.00,-8.32,-2.13
31244,-579,12.35,28.00,-8.37,-2.19
31269,-579,12.35,43.00,-8.42,-2.08
31294,-579,12.35,34.00,-8.48,-2.19
31319,-579,12.35,41.00,-8.53,-2.08
31344,-579,12.35,31.00,-8.58,-2.13
31369,-579,12.35,42.00,-8.64,-2.19
31394,-579,12.35,37.00,-8.69,-2.13
31419,-579,12.35,45.00,-8.74,-2.19
31444,-579,12.35,33.00,-8.80,-2.08
31469,-579,12.35,41.00,-8.85,-2.19
31494,-579,12.35,28.00,-8.90,-2.08
31519,-579,12.35,42.00,-8.95,-2.08
31544,-579,12.35,32.00,-9.01,-2.19
31569,-579,12.35,43.00,-9.06,-2.13
31594,-579,12.35,32.00,-9.12,-2.19
31619,-579,12.35,44.00,-9.17,-2.08
31644,-579,12.35,35.00,-9.22,-2.08
31669,-579,12.35,40.00,-9.28,-2.19
31694,-579,12.35,33.00,-9.33,-2.08
31719,-579,12.35,40.00,-9.38,-2.19
31744,-579,12.35,40.00,-9.43,-2.08
31769,-579,12.35,30.00,-9.49,-2.13
31794,-579,12.35,38.00,-9.54,-2.13
31819,-641,12.35,41.00,-9.59,-2.13
31844,-641,12.35,40.00,-9.65,-2.24
31869,-641,12.35,49.00,-9.71,-2.24
31894,-641,12.35,51.00,-9.77,-2.36
31919,-641,12.35,48.00,-9.82,-2.30
31944,-641,12.35,39.00,-9.88,-2.36
31969,-641,12.35,35.00,-9.94,-2.41
31994,-641,12.35,37.00,-10.00,-2.36
32019,-641,12.35,44.00,-10.06,-2.47
32044,-641,12.35,48.00,-10.12,-2.36
32069,-641,12.35,48.00,-10.18,-2.30
32094,-641,12.35,46.00,-10.24,-2.47
32119,-641,12.35,46.00,-10.30,-2.36
32144,-641,12.35,42.00,-10.36,-2.47
32169,-641,12.35,46.00,-10.42,-2.36
32194,-641,12.35,47.00,-10.48,-2.41
32219,-641,12.35,49.00,-10.54,-2.36
32244,-641,12.35,44.00,-10.60,-2.36
32269,-641,12.35,43.00,-10.66,-2.47
32294,-641,12.35,39.00,-10.72,-2.36
32319,-641,12.35,39.00,-10.78,-2.47
32344,-641,12.35,36.00,-10.84,-2.36
32369,-641,12.35,39.00,-10.90,-2.36
32394,-641,12.35,40.00,-10.96,-2.47
32419,-641,12.35,42.00,-11.02,-2.36
32444,-641,12.35,43.00,-11.08,-2.47
32469,-641,12.35,46.00,-11.14,-2.36
32494,-641,12.35,36.00,-11.20,-2.41
32519,-641,12.35,41.00,-11.26,-2.41
32544,-641,12.35,41.00,-11.32,-2.36
32569,-641,12.35,44.00,-11.38,-2.47
32594,-641,12.35,48.00,-11.44,-2.36
32619,-641,12.35,46.00,-11.50,-2.41
32644,-641,12.35,43.00,-11.56,-2.41
32669,-641,12.35,50.00,-11.62,-2.36
32694,-641,12.35,47.00,-11.68,-2.47
32719,-641,12.35,41.00,-11.74,-2.36
32744,-641,12.35,37.00,-11.80,-2.41
32769,-641,12.35,35.00,-11.86,-2.41
32794,-641,12.35,38.00,-11.92,-2.36
32819,-706,12.35,38.00,-11.98,-2.41
32844,-706,12.35,54.00,-12.04,-2.41
32869,-706,12.35,54.00,-12.11,-2.64
32894,-706,12.35,51.00,-12.17,-2.58
32919,-706,12.35,44.00,-12.24,-2.69
32944,-706,12.35,45.00,-12.30,-2.58
32969,-706,12.35,49.00,-12.37,-2.64
32994,-706,12.35,35.00,-12.44,-2.69
33019,-706,12.35,39.00,-12.50,-2.64
33044,-706,12.35,48.00,-12.57,-2.75
33069,-706,12.35,42.00,-12.64,-2.64
33094,-706,12.35,47.00,-12.70,-2.58
33119,-706,12.35,44.00,-12.77,-2.75
33144,-706,12.35,41.00,-12.84,-2.64
33169,-706,12.35,51.00,-12.90,-2.75
33194,-706,12.35,45.00,-12.97,-2.58
33219,-706,12.35,50.00,-13.04,-2.75
33244,-706,12.35,42.00,-13.10,-2.64
33269,-706,12.35,47.00,-13.17,-2.64
33294,-706,12.35,45.00,-13.24,-2.69
33319,-706,12.35,41.00,-13.30,-2.64
33344,-706,12.35,47.00,-13.37,-2.75
33369,-706,12.35,43.00,-13.44,-2.64
33394,-706,12.35,44.00,-13.50,-2.64
33419,-706,12.35,50.00,-13.57,-2.69
33444,-706,12.35,37.00,-13.64,-2.64
33469,-706,12.35,41.00,-13.71,-2.75
33494,-706,12.35,49.00,-13.77,-2.64
33519,-706,12.35,40.00,-13.84,-2.58
33544,-706,12.35,47.00,-13.90,-2.75
33569,-706,12.35,47.00,-13.97,-2.64
33594,-706,12.35,41.00,-14.04,-2.75
33619,-706,12.35,36.00,-14.10,-2.64
33644,-706,12.35,41.00,-14.17,-2.69
33669,-706,12.35,50.00,-14.24,-2.64
33694,-706,12.35,40.00,-14.30,-2.64
33719,-706,12.35,47.00,-14.37,-2.75
33744,-706,12.35,48.00,-14.44,-2.58
33769,-706,12.35,40.00,-14.51,-2.75
33794,-706,12.35,47.00,-14.57,-2.64
33819,-774,12.35,43.00,-14.64,-2.64
33844,-774,12.35,60.00,-14.71,-2.80
33869,-774,12.35,48.00,-14.78,-2.75
33894,-774,12.35,54.00,-14.85,-2.97
33919,-774,12.35,53.00,-14.92,-2.86
33944,-774,12.35,39.00,-15.00,-2.97
33969,-774,12.35,51.00,-15.07,-2.86
33994,-774,12.35,50.00,-15.14,-2.92
34019,-774,12.35,39.00,-15.22,-2.97
34044,-774,12.35,50.00,-15.29,-2.92
34069,-774,12.35,52.00,-15.36,-2.97
34094,-774,12.35,48.00,-15.44,-2.92
34119,-774,12.35,50.00,-15.51,-2.86
34144,-774,12.35,40.00,-15.58,-3.03
34169,-774,12.35,49.00,-15.65,-2.86
34194,-774,12.35,54.00,-15.73,-3.03
34219,-774,12.35,55.00,-15.80,-2.86
34244,-774,12.35,49.00,-15.87,-2.92
34269,-774,12.35,40.00,-15.95,-2.97
34294,-774,12.35,48.00,-16.02,-2.92
34319,-774,12.35,55.00,-16.10,-2.97
34344,-774,12.35,49.00,-16.17,-2.92
34369,-774,12.35,56.00,-16.25,-3.03
34394,-774,12.35,53.00,-16.32,-2.86
34419,-774,12.35,47.00,-16.39,-2.92
34444,-774,12.35,49.00,-16.46,-2.97
34469,-774,12.35,38.00,-16.54,-2.92
34494,-774,12.35,46.00,-16.61,-3.03
34519,-774,12.35,49.00,-16.68,-2.86
34544,-774,12.35,47.00,-16.76,-2.92
34569,-774,12.35,52.00,-16.83,-3.03
34594,-774,12.35,37.00,-16.91,-2.92
34619,-774,12.35,47.00,-16.98,-3.03
34644,-774,12.35,53.00,-17.05,-2.86
34669,-774,12.35,55.00,-17.13,-3.03
34694,-774,12.35,53.00,-17.20,-2.92
34719,-774,12.35,43.00,-17.27,-2.92
34744,-774,12.35,50.00,-17.35,-3.03
34769,-774,12.35,52.00,-17.42,-2.86
34794,-774,12.35,46.00,-17.50,-3.03
34819,-845,12.35,54.00,-17.57,-2.92
34844,-845,12.35,59.00,-17.64,-2.97
34869,-845,12.35,58.00,-17.72,-3.20
34894,-845,12.35,50.00,-17.80,-3.09
34919,-845,12.35,54.00,-17.88,-3.31
34944,-845,12.35,55.00,-17.96,-3.14
34969,-845,12.35,45.00,-18.04,-3.20
34994,-845,12.35,56.00,-18.13,-3.31
35019,-845,12.35,48.00,-18.21,-3.20
35044,-845,12.35,42.00,-18.29,-3.31
35069,-845,12.35,57.00,-18.37,-3.20
35094,-845,12.35,45.00,-18.45,-3.31
35119,-845,12.35,54.00,-18.53,-3.20
35144,-845,12.35,53.00,-18.61,-3.20
35169,-845,12.35,48.00,-18.69,-3.31
35194,-845,12.35,53.00,-18.77,-3.20
35219,-845,12.35,56.00,-18.86,-3.37
35244,-845,12.35,51.00,-18.94,-3.20
35269,-845,12.35,53.00,-19.02,-3.14
35294,-845,12.35,54.00,-19.10,-3.37
35319,-845,12.35,46.00,-19.18,-3.14
35344,-845,12.35,60.00,-19.26,-3.37
35369,-845,12.35,55.00,-19.34,-3.14
35394,-845,12.35,43.00,-19.43,-3.37
35419,-845,12.35,51.00,-19.50,-3.14
35444,-845,12.35,53.00,-19.58,-3.20
35469,-845,12.35,50.00,-19.67,-3.31
35494,-845,12.35,49.00,-19.75,-3.20
35519,-845,12.35,46.00,-19.83,-3.31
35544,-845,12.35,49.00,-19.91,-3.20
35569,-845,12.35,52.00,-19.99,-3.20
35594,-845,12.35,44.00,-20.07,-3.31
35619,-845,12.35,55.00,-20.15,-3.20
35644,-845,12.35,56.00,-20.24,-3.31
35669,-845,12.35,51.00,-20.32,-3.20
35694,-845,12.35,53.00,-20.40,-3.31
35719,-845,12.35,53.00,-20.48,-3.20
35744,-845,12.35,42.00,-20.56,-3.20
35769,-845,12.35,48.00,-20.64,-3.31
35794,-845,12.35,51.00,-20.72,-3.20
35819,-919,12.35,56.00,-20.80,-3.31
35844,-919,12.35,76.00,-20.88,-3.25
35869,-919,12.35,63.00,-20.97,-3.37
35894,-919,12.35,59.00,-21.06,-3.53
35919,-919,12.35,50.00,-21.14,-3.48
35944,-919,12.35,59.00,-21.23,-3.59
35969,-919,12.35,61.00,-21.32,-3.48
35994,-919,12.35,59.00,-21.41,-3.48
36019,-919,12.35,61.00,-21.50,-3.59
36044,-919,12.35,55.00,-21.59,-3.53
36069,-919,12.35,62.00,-21.68,-3.59
36094,-919,12.35,55.00,-21.76,-3.48
36119,-919,12.35,56.00,-21.85,-3.65
36144,-919,12.35,46.00,-21.94,-3.48
36169,-919,12.35,54.00,-22.03,-3.48
36194,-919,12.35,61.00,-22.12,-3.65
36219,-919,12.35,66.00,-22.21,-3.48
36244,-919,12.35,68.00,-22.30,-3.65
36269,-919,12.35,65.00,-22.38,-3.48
36294,-919,12.35,58.00,-22.47,-3.48
36319,-919,12.35,53.00,-22.56,-3.65
36344,-919,12.35,48.00,-22.65,-3.48
36369,-919,12.35,51.00,-22.74,-3.65
36394,-919,12.35,47.00,-22.83,-3.48
36419,-919,12.35,56.00,-22.92,-3.65
36444,-919,12.35,64.00,-23.01,-3.48
36469,-919,12.35,55.00,-23.09,-3.48
36494,-919,12.35,62.00,-23.18,-3.65
36519,-919,12.35,68.00,-23.27,-3.53
36544,-919,12.35,56.00,-23.36,-3.65
36569,-919,12.35,49.00,-23.45,-3.48
36594,-919,12.35,50.00,-23.54,-3.48
36619,-919,12.35,50.00,-23.63,-3.65
36644,-919,12.35,47.00,-23.71,-3.48
36669,-919,12.35,58.00,-23.81,-3.65
36694,-919,12.35,65.00,-23.89,-3.53
36719,-919,12.35,55.00,-23.98,-3.48
36744,-919,12.35,55.00,-24.07,-3.65
36769,-919,12.35,59.00,-24.16,-3.53
36794,-919,12.35,57.00,-24.25,-3.65
36819,-995,12.35,60.00,-24.34,-3.48
36844,-995,12.35,77.00,-24.43,-3.70
36869,-995,12.35,66.00,-24.52,-3.70
36894,-995,12.35,65.00,-24.62,-3.70
36919,-995,12.35,67.00,-24.71,-3.93
36944,-995,12.35,71.00,-24.81,-3.81
36969,-995,12.35,59.00,-24.91,-3.93
36994,-995,12.35,54.00,-25.00,-3.81
37019,-995,12.35,55.00,-25.10,-3.81
37044,-995,12.35,57.00,-25.20,-3.93
37069,-995,12.35,62.00,-25.29,-3.81
37094,-995,12.35,62.00,-25.39,-3.98
37119,-995,12.35,66.00,-25.49,-3.87
37144,-995,12.35,62.00,-25.59,-3.98
37169,-995,12.35,59.00,-25.68,-3.81
37194,-995,12.35,62.00,-25.78,-3.81
37219,-995,12.35,62.00,-25.88,-3.98
37244,-995,12.35,57.00,-25.98,-3.87
37269,-995,12.35,53.00,-26.08,-3.98
37294,-995,12.35,56.00,-26.17,-3.81
37319,-995,12.35,60.00,-26.27,-3.81
37344,-995,12.35,64.00,-26.37,-3.98
37369,-995,12.35,61.00,-26.46,-3.81
37394,-995,12.35,58.00,-26.56,-3.98
37419,-995,12.35,58.00,-26.66,-3.87
37444,-995,12.35,59.00,-26.75,-3.81
37469,-995,12.35,62.00,-26.85,-3.98
37494,-995,12.35,60.00,-26.95,-3.81
37519,-995,12.35,59.00,-27.05,-3.98
37544,-995,12.35,63.00,-27.14,-3.81
37569,-995,12.35,56.00,-27.24,-3.98
37594,-995,12.35,61.00,-27.34,-3.81
37619,-995,12.35,67.00,-27.43,-3.87
37644,-995,12.35,67.00,-27.53,-3.98
37669,-995,12.35,60.00,-27.63,-3.81
37694,-995,12.35,67.00,-27.73,-3.98
37719,-995,12.35,67.00,-27.82,-3.81
37744,-995,12.35,67.00,-27.92,-3.81
37769,-995,12.35,60.00,-28.02,-3.98
37794,-995,12.35,56.00,-28.11,-3.81
37819,-1075,12.35,55.00,-28.21,-3.98
37844,-1075,12.35,74.00,-28.31,-3.93
37869,-1075,12.35,81.00,-28.42,-4.15
37894,-1075,12.35,68.00,-28.52,-3.98
37919,-1075,12.35,62.00,-28.62,-4.10
37944,-1075,12.35,68.00,-28.72,-4.26
37969,-1075,12.35,70.00,-28.83,-4.10
37994,-1075,12.35,78.00,-28.93,-4.32
38019,-1075,12.35,68.00,-29.04,-4.10
38044,-1075,12.35,64.00,-29.14,-4.15
38069,-1075,12.35,64.00,-29.25,-4.26
38094,-1075,12.35,57.00,-29.35,-4.15
38119,-1075,12.35,72.00,-29.46,-4.32
38144,-1075,12.35,59.00,-29.56,-4.10
38169,-1075,12.35,73.00,-29.67,-4.15
38194,-1075,12.35,61.00,-29.77,-4.32
38219,-1075,12.35,70.00,-29.88,-4.15
38244,-1075,12.35,63.00,-29.99,-4.32
38269,-1075,12.35,64.00,-30.09,-4.15
38294,-1075,12.35,61.00,-30.20,-4.26
38319,-1075,12.35,60.00,-30.30,-4.15
38344,-1075,12.35,70.00,-30.40,-4.15
38369,-1075,12.35,55.00,-30.51,-4.32
38394,-1075,12.35,67.00,-30.62,-4.15
38419,-1075,12.35,54.00,-30.72,-4.32
38444,-1075,12.35,66.00,-30.83,-4.15
38469,-1075,12.35,62.00,-30.93,-4.15
38494,-1075,12.35,66.00,-31.04,-4.26
38519,-1075,12.35,63.00,-31.14,-4.15
38544,-1075,12.35,64.00,-31.25,-4.32
38569,-1075,12.35,65.00,-31.35,-4.15
38594,-1075,12.35,68.00,-31.46,-4.32
38619,-1075,12.35,73.00,-31.56,-4.15
38644,-1075,12.35,57.00,-31.67,-4.15
38669,-1075,12.35,67.00,-31.77,-4.26
38694,-1075,12.35,60.00,-31.88,-4.15
38719,-1075,12.35,71.00,-31.99,-4.32
38744,-1075,12.35,56.00,-32.09,-4.15
38769,-1075,12.35,70.00,-32.19,-4.10
38794,-1075,12.35,70.00,-32.30,-4.32
38819,-1157,12.35,74.00,-32.40,-4.15
38844,-1157,12.35,82.00,-32.51,-4.38
38869,-1157,12.35,89.00,-32.62,-4.32
38894,-1157,12.35,74.00,-32.74,-4.54
38919,-1157,12.35,70.00,-32.85,-4.43
38944,-1157,12.35,86.00,-32.96,-4.43
38969,-1157,12.35,56.00,-33.07,-4.66
38994,-1157,12.35,66.00,-33.18,-4.43
39019,-1157,12.35,74.00,-33.30,-4.71
39044,-1157,12.35,72.00,-33.41,-4.43
39069,-1157,12.35,77.00,-33.53,-4.49
39094,-1157,12.35,76.00,-33.64,-4.71
39119,-1157,12.35,72.00,-33.75,-4.43
39144,-1157,12.35,77.00,-33.87,-4.66
39169,-1157,12.35,68.00,-33.98,-4.43
39194,-1157,12.35,61.00,-34.09,-4.49
39219,-1157,12.35,84.00,-34.21,-4.60
39244,-1157,12.35,72.00,-34.32,-4.49
39269,-1157,12.35,76.00,-34.44,-4.66
39294,-1157,12.35,69.00,-34.55,-4.43
39319,-1157,12.35,73.00,-34.66,-4.66
39344,-1157,12.35,67.00,-34.78,-4.49
39369,-1157,12.35,62.00,-34.89,-4.43
39394,-1157,12.35,78.00,-35.00,-4.66
39419,-1157,12.35,64.00,-35.12,-4.49
39444,-1157,12.35,67.00,-35.23,-4.66
39469,-1157,12.35,73.00,-35.34,-4.43
39494,-1157,12.35,69.00,-35.46,-4.49
39519,-1157,12.35,66.00,-35.57,-4.66
39544,-1157,12.35,73.00,-35.68,-4.43
39569,-1157,12.35,65.00,-35.80,-4.66
39594,-1157,12.35,72.00,-35.91,-4.49
39619,-1157,12.35,62.00,-36.03,-4.66
39644,-1157,12.35,74.00,-36.14,-4.43
39669,-1157,12.35,77.00,-36.25,-4.49
39694,-1157,12.35,67.00,-36.37,-4.66
39719,-1157,12.35,66.00,-36.48,-4.43
39744,-1157,12.35,78.00,-36.59,-4.66
39769,-1157,12.35,73.00,-36.71,-4.49
39794,-1157,12.35,63.00,-36.82,-4.43
39819,-1241,12.35,56.00,-36.93,-4.66
39844,-1241,12.35,109.00,-37.05,-4.54
39869,-1241,12.35,84.00,-37.17,-4.82
39894,-1241,12.35,96.00,-37.29,-4.71
39919,-1241,12.35,83.00,-37.40,-4.77
39944,-1241,12.35,86.00,-37.53,-4.99
39969,-1241,12.35,89.00,-37.65,-4.77
39994,-1241,12.35,75.00,-37.77,-5.05
40019,-1241,12.35,85.00,-37.90,-4.82
40044,-1241,12.35,73.00,-38.02,-4.99
40069,-1241,12.35,78.00,-38.14,-4.82
40094,-1241,12.35,86.00,-38.26,-4.77
40119,-1241,12.35,96.00,-38.39,-5.05
40144,-1241,12.35,92.00,-38.51,-4.82
40169,-1241,12.35,86.00,-38.63,-4.99
40194,-1241,12.35,94.00,-38.75,-4.82
40219,-1241,12.35,77.00,-38.87,-4.82
40244,-1241,12.35,63.00,-39.00,-4.99
40269,-1241,12.35,75.00,-39.12,-4.82
40294,-1241,12.35,84.00,-39.24,-4.99
40319,-1241,12.35,83.00,-39.36,-4.77
40344,-1241,12.35,74.00,-39.49,-5.05
40369,-1241,12.35,65.00,-39.61,-4.82
40394,-1241,12.35,72.00,-39.73,-4.77
40419,-1241,12.35,62.00,-39.85,-5.05
40444,-1241,12.35,64.00,-39.98,-4.82
40469,-1241,12.35,62.00,-40.10,-4.99
40494,-1241,12.35,68.00,-40.22,-4.77
40519,-1241,12.35,75.00,-40.34,-4.82
40544,-1241,12.35,86.00,-40.46,-4.99
40569,-1241,12.35,72.00,-40.59,-4.82
40594,-1241,12.35,70.00,-40.71,-4.99
40619,-1241,12.35,76.00,-40.83,-4.82
40644,-1241,12.35,68.00,-40.95,-4.77
40669,-1241,12.35,69.00,-41.07,-4.99
40694,-1241,12.35,83.00,-41.19,-4.77
40719,-1241,12.35,80.00,-41.32,-4.99
40744,-1241,12.35,78.00,-41.44,-4.77
40769,-1241,12.35,80.00,-41.56,-4.99
40794,-1241,12.35,78.00,-41.68,-4.77
40819,-1328,12.35,73.00,-41.80,-4.82
40844,-1328,12.35,100.00,-41.93,-5.05
40869,-1328,12.35,90.00,-42.05,-4.99
40894,-1328,12.35,67.00,-42.19,-5.27
40919,-1328,12.35,88.00,-42.31,-5.11
40944,-1328,12.35,86.00,-42.44,-5.16
40969,-1328,12.35,98.00,-42.58,-5.39
40994,-1328,12.35,70.00,-42.71,-5.16
41019,-1328,12.35,74.00,-42.84,-5.44
41044,-1328,12.35,72.00,-42.97,-5.16
41069,-1328,12.35,85.00,-43.10,-5.33
41094,-1328,12.35,78.00,-43.23,-5.16
41119,-1328,12.35,68.00,-43.36,-5.16
41144,-1328,12.35,92.00,-43.50,-5.39
41169,-1328,12.35,88.00,-43.63,-5.16
41194,-1328,12.35,70.00,-43.76,-5.44
41219,-1328,12.35,70.00,-43.89,-5.16
41244,-1328,12.35,80.00,-44.02,-5.16
41269,-1328,12.35,75.00,-44.15,-5.39
41294,-1328,12.35,77.00,-44.28,-5.11
41319,-1328,12.35,74.00,-44.42,-5.39
41344,-1328,12.35,73.00,-44.55,-5.16
41369,-1328,12.35,73.00,-44.67,-5.11
41394,-1328,12.35,86.00,-44.81,-5.39
41419,-1328,12.35,64.00,-44.94,-5.16
41444,-1328,12.35,93.00,-45.07,-5.33
41469,-1328,12.35,82.00,-45.20,-5.16
41494,-1328,12.35,82.00,-45.33,-5.33
41519,-1328,12.35,70.00,-45.46,-5.16
41544,-1328,12.35,74.00,-45.59,-5.16
41569,-1328,12.35,78.00,-45.73,-5.39
41594,-1328,12.35,79.00,-45.85,-5.11
41619,-1328,12.35,95.00,-45.99,-5.39
41644,-1328,12.35,81.00,-46.12,-5.16
41669,-1328,12.35,80.00,-46.25,-5.16
41694,-1328,12.35,71.00,-46.38,-5.33
41719,-1328,12.35,76.00,-46.51,-5.16
41744,-1328,12.35,70.00,-46.64,-5.33
41769,-1328,12.35,100.00,-46.77,-5.16
41794,-1328,12.35,85.00,-46.91,-5.39
41819,-1418,12.35,86.00,-47.03,-5.11
41844,-1418,12.35,103.00,-47.16,-5.27
41869,-1418,12.35,99.00,-47.30,-5.55
41894,-1418,12.35,77.00,-47.44,-5.39
41919,-1418,12.35,88.00,-47.58,-5.72
41944,-1418,12.35,88.00,-47.72,-5.44
41969,-1418,12.35,86.00,-47.86,-5.55
41994,-1418,12.35,93.00,-48.00,-5.72
42019,-1418,12.35,102.00,-48.14,-5.50
42044,-1418,12.35,94.00,-48.28,-5.78
42069,-1418,12.35,86.00,-48.42,-5.55
42094,-1418,12.35,99.00,-48.56,-5.72
42119,-1418,12.35,88.00,-48.70,-5.55
42144,-1418,12.35,88.00,-48.84,-5.55
42169,-1418,12.35,73.00,-48.98,-5.72
42194,-1418,12.35,80.00,-49.12,-5.61
42219,-1418,12.35,88.00,-49.27,-5.78
42244,-1418,12.35,76.00,-49.41,-5.55
42269,-1418,12.35,85.00,-49.54,-5.50
42294,-1418,12.35,74.00,-49.69,-5.78
42319,-1418,12.35,90.00,-49.83,-5.55
42344,-1418,12.35,93.00,-49.97,-5.78
42369,-1418,12.35,70.00,-50.11,-5.55
42394,-1418,12.35,85.00,-50.25,-5.55
42419,-1418,12.35,89.00,-50.39,-5.78
42444,-1418,12.35,86.00,-50.53,-5.55
42469,-1418,12.35,84.00,-50.68,-5.72
42494,-1418,12.35,90.00,-50.82,-5.55
42519,-1418,12.35,67.00,-50.96,-5.78
42544,-1418,12.35,66.00,-51.10,-5.55
42569,-1418,12.35,91.00,-51.24,-5.50
42594,-1418,12.35,89.00,-51.38,-5.78
42619,-1418,12.35,76.00,-51.52,-5.55
42644,-1418,12.35,72.00,-51.66,-5.78
42669,-1418,12.35,98.00,-51.80,-5.50
42694,-1418,12.35,101.00,-51.94,-5.55
42719,-1418,12.35,77.00,-52.08,-5.78
42744,-1418,12.35,74.00,-52.22,-5.50
42769,-1418,12.35,93.00,-52.37,-5.78
42794,-1418,12.35,86.00,-52.51,-5.55
42819,-1509,12.35,93.00,-52.65,-5.78
42844,-1509,12.35,99.00,-52.79,-5.61
42869,-1509,12.35,120.00,-52.93,-5.67
42894,-1509,12.35,95.00,-53.08,-6.00
42919,-1509,12.35,101.00,-53.23,-5.83
42944,-1509,12.35,110.00,-53.38,-6.11
42969,-1509,12.35,75.00,-53.53,-5.83
42994,-1509,12.35,91.00,-53.67,-5.89
43019,-1509,12.35,106.00,-53.83,-6.11
43044,-1509,12.35,85.00,-53.97,-5.89
43069,-1509,12.35,77.00,-54.13,-6.11
43094,-1509,12.35,70.00,-54.27,-5.89
43119,-1509,12.35,107.00,-54.42,-5.89
43144,-1509,12.35,108.00,-54.58,-6.17
43169,-1509,12.35,94.00,-54.72,-5.89
43194,-1509,12.35,97.00,-54.88,-6.17
43219,-1509,12.35,84.00,-55.02,-5.89
43244,-1509,12.35,75.00,-55.18,-6.17
43269,-1509,12.35,68.00,-55.33,-5.89
43294,-1509,12.35,107.00,-55.47,-5.95
43319,-1509,12.35,101.00,-55.63,-6.11
43344,-1509,12.35,84.00,-55.78,-5.95
43369,-1509,12.35,91.00,-55.93,-6.17
43394,-1509,12.35,88.00,-56.08,-5.89
43419,-1509,12.35,86.00,-56.23,-5.95
43444,-1509,12.35,87.00,-56.38,-6.17
43469,-1509,12.35,104.00,-56.53,-5.89
43494,-1509,12.35,101.00,-56.68,-6.17
43519,-1509,12.35,90.00,-56.83,-5.89
43544,-1509,12.35,99.00,-56.98,-6.17
43569,-1509,12.35,81.00,-57.13,-5.89
43594,-1509,12.35,76.00,-57.28,-5.89
43619,-1509,12.35,84.00,-57.43,-6.17
43644,-1509,12.35,101.00,-57.58,-5.89
43669,-1509,12.35,103.00,-57.73,-6.17
43694,-1509,12.35,90.00,-57.88,-5.89
43719,-1509,12.35,93.00,-58.03,-5.95
43744,-1509,12.35,81.00,-58.18,-6.11
43769,-1509,12.35,80.00,-58.33,-5.95
43794,-1509,12.35,85.00,-58.48,-6.11
43819,-1603,12.35,99.00,-58.63,-5.95
43844,-1603,12.35,113.00,-58.78,-5.95
43869,-1603,12.35,99.00,-58.94,-6.34
43894,-1603,12.35,104.00,-59.09,-6.17
43919,-1603,12.35,109.00,-59.26,-6.45
43944,-1603,12.35,113.00,-59.41,-6.23
43969,-1603,12.35,87.00,-59.57,-6.51
43994,-1603,12.35,92.00,-59.73,-6.28
44019,-1603,12.35,88.00,-59.89,-6.23
44044,-1603,12.35,90.00,-60.05,-6.56
44069,-1603,12.35,98.00,-60.21,-6.23
44094,-1603,12.35,93.00,-60.37,-6.56
44119,-1603,12.35,106.00,-60.53,-6.28
44144,-1603,12.35,95.00,-60.68,-6.28
44169,-1603,12.35,87.00,-60.85,-6.51
44194,-1603,12.35,101.00,-61.00,-6.28
44219,-1603,12.35,103.00,-61.17,-6.56
44244,-1603,12.35,92.00,-61.33,-6.28
44269,-1603,12.35,94.00,-61.49,-6.56
44294,-1603,12.35,82.00,-61.65,-6.28
44319,-1603,12.35,103.00,-61.80,-6.28
44344,-1603,12.35,88.00,-61.97,-6.56
44369,-1603,12.35,102.00,-62.12,-6.28
44394,-1603,12.35,85.00,-62.29,-6.56
44419,-1603,12.35,98.00,-62.45,-6.28
44444,-1603,12.35,82.00,-62.60,-6.28
44469,-1603,12.35,96.00,-62.77,-6.56
44494,-1603,12.35,93.00,-62.93,-6.34
44519,-1603,12.35,82.00,-63.09,-6.51
44544,-1603,12.35,87.00,-63.25,-6.34
44569,-1603,12.35,94.00,-63.40,-6.28
44594,-1603,12.35,100.00,-63.57,-6.51
44619,-1603,12.35,96.00,-63.72,-6.28
44644,-1603,12.35,91.00,-63.89,-6.56
44669,-1603,12.35,109.00,-64.05,-6.28
44694,-1603,12.35,76.00,-64.21,-6.56
44719,-1603,12.35,90.00,-64.37,-6.28
44744,-1603,12.35,89.00,-64.52,-6.28
44769,-1603,12.35,112.00,-64.69,-6.56
44794,-1603,12.35,91.00,-64.84,-6.28
44819,-1699,12.35,93.00,-65.01,-6.51
44844,-1699,12.35,122.00,-65.17,-6.40
44869,-1699,12.35,129.00,-65.33,-6.45
44894,-1699,12.35,118.00,-65.50,-6.79
44919,-1699,12.35,95.00,-65.66,-6.56
44944,-1699,12.35,96.00,-65.83,-6.90
44969,-1699,12.35,84.00,-66.00,-6.62
44994,-1699,12.35,104.00,-66.17,-6.90
45019,-1699,12.35,103.00,-66.34,-6.68
45044,-1699,12.35,93.00,-66.51,-6.68
45069,-1699,12.35,84.00,-66.68,-6.90
45094,-1699,12.35,95.00,-66.85,-6.68
45119,-1699,12.35,100.00,-67.02,-6.96
45144,-1699,12.35,98.00,-67.19,-6.68
45169,-1699,12.35,96.00,-67.35,-6.73
45194,-1699,12.35,101.00,-67.53,-6.96
45219,-1699,12.35,110.00,-67.70,-6.73
45244,-1699,12.35,90.00,-67.87,-6.96
45269,-1699,12.35,86.00,-68.04,-6.73
45294,-1699,12.35,103.00,-68.21,-6.96
45319,-1699,12.35,106.00,-68.38,-6.68
45344,-1699,12.35,82.00,-68.55,-6.68
45369,-1699,12.35,99.00,-68.72,-7.01
45394,-1699,12.35,104.00,-68.89,-6.68
45419,-1699,12.35,114.00,-69.06,-6.96
45444,-1699,12.35,89.00,-69.23,-6.73
45469,-1699,12.35,95.00,-69.40,-6.68
45494,-1699,12.35,103.00,-69.57,-6.96
45519,-1699,12.35,91.00,-69.74,-6.73
45544,-1699,12.35,85.00,-69.91,-6.96
45569,-1699,12.35,98.00,-70.08,-6.68
45594,-1699,12.35,104.00,-70.25,-6.73
45619,-1699,12.35,92.00,-70.42,-6.96
45644,-1699,12.35,108.00,-70.59,-6.68
45669,-1699,12.35,111.00,-70.77,-7.01
45694,-1699,12.35,94.00,-70.93,-6.68
45719,-1699,12.35,87.00,-71.11,-6.96
45744,-1699,12.35,103.00,-71.27,-6.68
45769,-1699,12.35,101.00,-71.44,-6.73
45794,-1699,12.35,102.00,-71.62,-6.96
45819,-1796,12.35,96.00,-71.78,-6.68
45844,-1796,12.35,146.00,-71.96,-7.07
45869,-1796,12.35,124.00,-72.13,-6.84
45894,-1796,12.35,105.00,-72.30,-6.96
45919,-1796,12.35,98.00,-72.49,-7.29
45944,-1796,12.35,111.00,-72.66,-7.01
45969,-1796,12.35,113.00,-72.84,-7.29
45994,-1796,12.35,108.00,-73.02,-7.07
46019,-1796,12.35,102.00,-73.20,-7.35
46044,-1796,12.35,91.00,-73.38,-7.01
46069,-1796,12.35,94.00,-73.56,-7.07
46094,-1796,12.35,103.00,-73.74,-7.35
46119,-1796,12.35,113.00,-73.92,-7.07
46144,-1796,12.35,100.00,-74.10,-7.41
46169,-1796,12.35,84.00,-74.28,-7.07
46194,-1796,12.35,96.00,-74.46,-7.07
46219,-1796,12.35,121.00,-74.64,-7.41
46244,-1796,12.35,111.00,-74.82,-7.07
46269,-1796,12.35,94.00,-75.00,-7.35
46294,-1796,12.35,91.00,-75.18,-7.12
46319,-1796,12.35,104.00,-75.36,-7.07
46344,-1796,12.35,112.00,-75.54,-7.41
46369,-1796,12.35,93.00,-75.72,-7.07
46394,-1796,12.35,81.00,-75.90,-7.35
46419,-1796,12.35,99.00,-76.08,-7.07
46444,-1796,12.35,113.00,-76.26,-7.41
46469,-1796,12.35,113.00,-76.44,-7.07
46494,-1796,12.35,97.00,-76.62,-7.07
46519,-1796,12.35,102.00,-76.80,-7.41
46544,-1796,12.35,109.00,-76.98,-7.01
46569,-1796,12.35,99.00,-77.16,-7.41
46594,-1796,12.35,85.00,-77.34,-7.07
46619,-1796,12.35,96.00,-77.52,-7.07
46644,-1796,12.35,121.00,-77.70,-7.41
46669,-1796,12.35,126.00,-77.88,-7.07
46694,-1796,12.35,117.00,-78.06,-7.35
46719,-1796,12.35,112.00,-78.24,-7.07
46744,-1796,12.35,97.00,-78.42,-7.29
46769,-1796,12.35,93.00,-78.60,-7.07
46794,-1796,12.35,86.00,-78.77,-7.07
46819,-1895,12.35,93.00,-78.96,-7.35
46844,-1895,12.35,159.00,-79.14,-7.12
46869,-1895,12.35,109.00,-79.33,-7.57
46894,-1895,12.35,150.00,-79.51,-7.35
46919,-1895,12.35,135.00,-79.69,-7.41
46944,-1895,12.35,112.00,-79.89,-7.80
46969,-1895,12.35,82.00,-80.08,-7.52
46994,-1895,12.35,96.00,-80.27,-7.74
47019,-1895,12.35,97.00,-80.46,-7.41
47044,-1895,12.35,119.00,-80.64,-7.41
47069,-1895,12.35,111.00,-80.84,-7.80
47094,-1895,12.35,103.00,-81.02,-7.46
47119,-1895,12.35,104.00,-81.22,-7.74
47144,-1895,12.35,112.00,-81.40,-7.41
47169,-1895,12.35,116.00,-81.59,-7.74
47194,-1895,12.35,101.00,-81.78,-7.46
47219,-1895,12.35,98.00,-81.97,-7.41
47244,-1895,12.35,106.00,-82.16,-7.74
47269,-1895,12.35,113.00,-82.35,-7.46
47294,-1895,12.35,111.00,-82.54,-7.74
47319,-1895,12.35,109.00,-82.73,-7.46
47344,-1895,12.35,108.00,-82.91,-7.41
47369,-1895,12.35,109.00,-83.10,-7.74
47394,-1895,12.35,110.00,-83.29,-7.46
47419,-1895,12.35,102.00,-83.49,-7.74
47444,-1895,12.35,103.00,-83.67,-7.46
47469,-1895,12.35,106.00,-83.87,-7.74
47494,-1895,12.35,102.00,-84.05,-7.41
47519,-1895,12.35,104.00,-84.24,-7.46
47544,-1895,12.35,110.00,-84.43,-7.74
47569,-1895,12.35,125.00,-84.62,-7.41
47594,-1895,12.35,99.00,-84.81,-7.80
47619,-1895,12.35,105.00,-85.00,-7.41
47644,-1895,12.35,111.00,-85.18,-7.46
47669,-1895,12.35,100.00,-85.38,-7.74
47694,-1895,12.35,105.00,-85.56,-7.46
47719,-1895,12.35,115.00,-85.76,-7.74
47744,-1895,12.35,118.00,-85.94,-7.41
47769,-1895,12.35,111.00,-86.13,-7.46
47794,-1895,12.35,101.00,-86.32,-7.74
47819,-1996,12.35,105.00,-86.51,-7.46
47844,-1996,12.35,140.00,-86.70,-7.80
47869,-1996,12.35,130.00,-86.89,-7.63
47894,-1996,12.35,109.00,-87.10,-8.08
47919,-1996,12.35,108.00,-87.29,-7.80
47944,-1996,12.35,112.00,-87.48,-7.80
47969,-1996,12.35,135.00,-87.69,-8.19
47994,-1996,12.35,113.00,-87.89,-7.91
48019,-1996,12.35,104.00,-88.09,-8.25
48044,-1996,12.35,128.00,-88.29,-7.85
48069,-1996,12.35,123.00,-88.49,-7.91
48094,-1996,12.35,100.00,-88.69,-8.19
48119,-1996,12.35,87.00,-88.89,-7.91
48144,-1996,12.35,99.00,-89.10,-8.19
48169,-1996,12.35,133.00,-89.29,-7.91
48194,-1996,12.35,145.00,-89.50,-8.19
48219,-1996,12.35,117.00,-89.69,-7.85
48244,-1996,12.35,98.00,-89.89,-7.85
48269,-1996,12.35,87.00,-90.10,-8.25
48294,-1996,12.35,108.00,-90.29,-7.85
48319,-1996,12.35,131.00,-90.50,-8.19
48344,-1996,12.35,136.00,-90.69,-7.85
48369,-1996,12.35,145.00,-90.89,-7.91
48394,-1996,12.35,127.00,-91.10,-8.19
48419,-1996,12.35,121.00,-91.29,-7.85
48444,-1996,12.35,103.00,-91.50,-8.19
48469,-1996,12.35,105.00,-91.69,-7.85
48494,-1996,12.35,114.00,-91.90,-8.25
48519,-1996,12.35,118.00,-92.10,-7.85
48544,-1996,12.35,114.00,-92.29,-7.91
48569,-1996,12.35,89.00,-92.50,-8.19
48594,-1996,12.35,100.00,-92.70,-7.91
48619,-1996,12.35,135.00,-92.90,-8.19
48644,-1996,12.35,137.00,-93.10,-7.91
48669,-1996,12.35,114.00,-93.30,-7.85
48694,-1996,12.35,97.00,-93.50,-8.25
48719,-1996,12.35,97.00,-93.70,-7.85
48744,-1996,12.35,106.00,-93.90,-8.19
48769,-1996,12.35,131.00,-94.10,-7.91
48794,-1996,12.35,127.00,-94.30,-7.91
48819,-2097,12.35,96.00,-94.50,-8.19
48844,-2097,12.35,164.00,-94.70,-7.97
48869,-2097,12.35,137.00,-94.91,-8.47
48894,-2097,12.35,119.00,-95.12,-8.13
48919,-2097,12.35,122.00,-95.33,-8.58
48944,-2097,12.35,114.00,-95.54,-8.25
48969,-2097,12.35,121.00,-95.75,-8.30
48994,-2097,12.35,125.00,-95.96,-8.64
49019,-2097,12.35,127.00,-96.17,-8.25
49044,-2097,12.35,119.00,-96.39,-8.70
49069,-2097,12.35,110.00,-96.59,-8.25
49094,-2097,12.35,121.00,-96.80,-8.30
49119,-2097,12.35,103.00,-97.02,-8.70
49144,-2097,12.35,106.00,-97.22,-8.25
49169,-2097,12.35,125.00,-97.44,-8.64
49194,-2097,12.35,119.00,-97.65,-8.30
49219,-2097,12.35,137.00,-97.86,-8.64
49244,-2097,12.35,129.00,-98.07,-8.30
49269,-2097,12.35,105.00,-98.28,-8.30
49294,-2097,12.35,119.00,-98.49,-8.70
49319,-2097,12.35,114.00,-98.70,-8.30
49344,-2097,12.35,123.00,-98.92,-8.64
49369,-2097,12.35,99.00,-99.13,-8.30
49394,-2097,12.35,97.00,-99.33,-8.30
49419,-2097,12.35,113.00,-99.55,-8.64
49444,-2097,12.35,126.00,-99.76,-8.36
49469,-2097,12.35,100.00,-99.98,-8.70
49494,-2097,12.35,101.00,-100.18,-8.30
49519,-2097,12.35,106.00,-100.39,-8.30
49544,-2097,12.35,136.00,-100.61,-8.64
49569,-2097,12.35,118.00,-100.82,-8.36
49594,-2097,12.35,127.00,-101.03,-8.70
49619,-2097,12.35,102.00,-101.24,-8.30
49644,-2097,12.35,133.00,-101.46,-8.64
49669,-2097,12.35,129.00,-101.66,-8.30
49694,-2097,12.35,114.00,-101.87,-8.36
49719,-2097,12.35,121.00,-102.09,-8.64
49744,-2097,12.35,128.00,-102.30,-8.30
49769,-2097,12.35,114.00,-102.51,-8.64
49794,-2097,12.35,99.00,-102.72,-8.36
49819,-2200,12.35,116.00,-102.93,-8.30
49844,-2200,12.35,149.00,-103.15,-8.70
49869,-2200,12.35,155.00,-103.36,-8.47
49894,-2200,12.35,143.00,-103.58,-8.92
49919,-2200,12.35,131.00,-103.80,-8.64
49944,-2200,12.35,124.00,-104.02,-8.98
49969,-2200,12.35,133.00,-104.24,-8.70
49994,-2200,12.35,101.00,-104.46,-8.64
50019,-2200,12.35,131.00,-104.68,-9.09
50044,-2200,12.35,119.00,-104.90,-8.70
50069,-2200,12.35,151.00,-105.13,-9.09
50094,-2200,12.35,114.00,-105.34,-8.70
50119,-2200,12.35,141.00,-105.56,-8.75
50144,-2200,12.35,116.00,-105.79,-9.09
50169,-2200,12.35,114.00,-106.01,-8.70
50194,-2200,12.35,118.00,-106.23,-9.09
50219,-2200,12.35,133.00,-106.45,-8.75
50244,-2200,12.35,106.00,-106.67,-8.70
50269,-2200,12.35,127.00,-106.90,-9.09
50294,-2200,12.35,122.00,-107.12,-8.75
50319,-2200,12.35,138.00,-107.34,-9.09
50344,-2200,12.35,126.00,-107.56,-8.75
50369,-2200,12.35,92.00,-107.79,-9.09
50394,-2200,12.35,128.00,-108.01,-8.70
50419,-2200,12.35,121.00,-108.23,-8.75
50444,-2200,12.35,133.00,-108.45,-9.09
50469,-2200,12.35,134.00,-108.67,-8.75
50494,-2200,12.35,107.00,-108.90,-9.09
50519,-2200,12.35,131.00,-109.12,-8.75
50544,-2200,12.35,131.00,-109.34,-8.70
50569,-2200,12.35,145.00,-109.56,-9.14
50594,-2200,12.35,122.00,-109.78,-8.70
50619,-2200,12.35,122.00,-110.01,-9.09
50644,-2200,12.35,125.00,-110.23,-8.75
50669,-2200,12.35,114.00,-110.46,-9.09
50694,-2200,12.35,114.00,-110.67,-8.70
50719,-2200,12.35,120.00,-110.89,-8.75
50744,-2200,12.35,124.00,-111.12,-9.09
50769,-2200,12.35,128.00,-111.34,-8.75
50794,-2200,12.35,95.00,-111.57,-9.14
50819,-2304,12.35,128.00,-111.78,-8.70
50844,-2304,12.35,173.00,-112.00,-8.81
50869,-2304,12.35,167.00,-112.24,-9.31
50894,-2304,12.35,143.00,-112.46,-9.03
50919,-2304,12.35,119.00,-112.70,-9.48
50944,-2304,12.35,116.00,-112.93,-9.09
50969,-2304,12.35,156.00,-113.15,-9.14
50994,-2304,12.35,129.00,-113.39,-9.54
51019,-2304,12.35,139.00,-113.62,-9.14
51044,-2304,12.35,133.00,-113.86,-9.59
51069,-2304,12.35,140.00,-114.09,-9.14
51094,-2304,12.35,150.00,-114.33,-9.59
51119,-2304,12.35,133.00,-114.56,-9.14
51144,-2304,12.35,131.00,-114.79,-9.20
51169,-2304,12.35,126.00,-115.03,-9.54
51194,-2304,12.35,141.00,-115.26,-9.20
51219,-2304,12.35,127.00,-115.50,-9.54
51244,-2304,12.35,121.00,-115.73,-9.20
51269,-2304,12.35,117.00,-115.95,-9.14
51294,-2304,12.35,121.00,-116.19,-9.54
51319,-2304,12.35,120.00,-116.42,-9.20
51344,-2304,12.35,100.00,-116.66,-9.54
51369,-2304,12.35,120.00,-116.89,-9.14
51394,-2304,12.35,110.00,-117.13,-9.54
51419,-2304,12.35,123.00,-117.36,-9.20
51444,-2304,12.35,91.00,-117.59,-9.20
51469,-2304,12.35,126.00,-117.83,-9.54
51494,-2304,12.35,129.00,-118.06,-9.20
51519,-2304,12.35,136.00,-118.29,-9.54
51544,-2304,12.35,120.00,-118.53,-9.20
51569,-2304,12.35,157.00,-118.76,-9.20
51594,-2304,12.35,127.00,-118.99,-9.59
51619,-2304,12.35,142.00,-119.22,-9.14
51644,-2304,12.35,126.00,-119.46,-9.59
51669,-2304,12.35,139.00,-119.69,-9.20
51694,-2304,12.35,119.00,-119.93,-9.54
51719,-2304,12.35,148.00,-120.16,-9.20
51744,-2304,12.35,122.00,-120.39,-9.20
51769,-2304,12.35,154.00,-120.63,-9.59
51794,-2304,12.35,114.00,-120.86,-9.20
51819,-2408,12.35,124.00,-121.10,-9.54
51844,-2408,12.35,174.00,-121.33,-9.26
51869,-2408,12.35,165.00,-121.57,-9.37
51894,-2408,12.35,152.00,-121.81,-9.82
51919,-2408,12.35,151.00,-122.05,-9.48
51944,-2408,12.35,168.00,-122.30,-9.99
51969,-2408,12.35,146.00,-122.54,-9.59
51994,-2408,12.35,120.00,-122.78,-9.59
52019,-2408,12.35,123.00,-123.03,-10.04
52044,-2408,12.35,124.00,-123.27,-9.54
52069,-2408,12.35,144.00,-123.52,-9.99
52094,-2408,12.35,130.00,-123.75,-9.54
52119,-2408,12.35,139.00,-124.00,-9.99
52144,-2408,12.35,131.00,-124.24,-9.54
52169,-2408,12.35,133.00,-124.48,-9.54
52194,-2408,12.35,132.00,-124.73,-9.99
52219,-2408,12.35,124.00,-124.97,-9.54
52244,-2408,12.35,130.00,-125.22,-9.99
52269,-2408,12.35,136.00,-125.46,-9.59
52294,-2408,12.35,121.00,-125.70,-9.54
52319,-2408,12.35,130.00,-125.95,-9.99
52344,-2408,12.35,137.00,-126.19,-9.54
52369,-2408,12.35,121.00,-126.44,-9.99
52394,-2408,12.35,126.00,-126.67,-9.54
52419,-2408,12.35,124.00,-126.92,-9.99
52444,-2408,12.35,130.00,-127.16,-9.54
52469,-2408,12.35,134.00,-127.40,-9.54
52494,-2408,12.35,132.00,-127.65,-9.99
52519,-2408,12.35,141.00,-127.89,-9.59
52544,-2408,12.35,141.00,-128.14,-9.93
52569,-2408,12.35,130.00,-128.38,-9.59
52594,-2408,12.35,146.00,-128.62,-9.54
52619,-2408,12.35,142.00,-128.86,-9.93
52644,-2408,12.35,116.00,-129.10,-9.59
52669,-2408,12.35,122.00,-129.35,-9.99
52694,-2408,12.35,122.00,-129.59,-9.54
52719,-2408,12.35,104.00,-129.83,-9.59
52744,-2408,12.35,127.00,-130.08,-9.99
52769,-2408,12.35,135.00,-130.32,-9.54
52794,-2408,12.35,127.00,-130.57,-9.93
52819,-2512,12.35,128.00,-130.81,-9.59
52844,-2512,12.35,171.00,-131.06,-10.04
52869,-2512,12.35,171.00,-131.30,-9.76
52894,-2512,12.35,140.00,-131.55,-9.87
52919,-2512,12.35,140.00,-131.81,-10.32
52944,-2512,12.35,155.00,-132.06,-9.93
52969,-2512,12.35,155.00,-132.32,-10.38
52994,-2512,12.35,104.00,-132.57,-10.04
53019,-2512,12.35,124.00,-132.82,-9.99
53044,-2512,12.35,161.00,-133.08,-10.43
53069,-2512,12.35,144.00,-133.33,-10.04
53094,-2512,12.35,97.00,-133.59,-10.43
53119,-2512,12.35,114.00,-133.84,-10.04
53144,-2512,12.35,134.00,-134.10,-10.43
53169,-2512,12.35,122.00,-134.35,-9.99
53194,-2512,12.35,166.00,-134.60,-10.04
53219,-2512,12.35,144.00,-134.86,-10.43
53244,-2512,12.35,132.00,-135.11,-9.99
53269,-2512,12.35,111.00,-135.37,-10.43
53294,-2512,12.35,139.00,-135.62,-10.04
53319,-2512,12.35,157.00,-135.87,-9.99
53344,-2512,12.35,142.00,-136.13,-10.43
53369,-2512,12.35,129.00,-136.39,-10.04
53394,-2512,12.35,129.00,-136.65,-10.43
53419,-2512,12.35,157.00,-136.90,-10.04
53444,-2512,12.35,138.00,-137.15,-10.04
53469,-2512,12.35,128.00,-137.41,-10.43
53494,-2512,12.35,115.00,-137.66,-10.04
53519,-2512,12.35,137.00,-137.92,-10.43
53544,-2512,12.35,151.00,-138.17,-10.04
53569,-2512,12.35,133.00,-138.43,-10.43
53594,-2512,12.35,114.00,-138.68,-10.04
53619,-2512,12.35,139.00,-138.94,-10.04
53644,-2512,12.35,146.00,-139.20,-10.49
53669,-2512,12.35,132.00,-139.45,-10.04
53694,-2512,12.35,130.00,-139.71,-10.43
53719,-2512,12.35,117.00,-139.96,-10.04
53744,-2512,12.35,154.00,-140.21,-9.99
53769,-2512,12.35,162.00,-140.47,-10.43
53794,-2512,12.35,130.00,-140.72,-10.04
53819,-2616,12.35,140.00,-140.98,-10.43
53844,-2616,12.35,207.00,-141.24,-10.10
53869,-2616,12.35,136.00,-141.50,-10.60
53894,-2616,12.35,138.00,-141.76,-10.27
53919,-2616,12.35,161.00,-142.02,-10.32
53944,-2616,12.35,148.00,-142.29,-10.83
53969,-2616,12.35,151.00,-142.55,-10.38
53994,-2616,12.35,155.00,-142.82,-10.88
54019,-2616,12.35,159.00,-143.08,-10.43
54044,-2616,12.35,116.00,-143.34,-10.43
54069,-2616,12.35,163.00,-143.61,-10.88
54094,-2616,12.35,119.00,-143.87,-10.43
54119,-2616,12.35,117.00,-144.14,-10.88
54144,-2616,12.35,148.00,-144.41,-10.49
54169,-2616,12.35,139.00,-144.67,-10.43
54194,-2616,12.35,119.00,-144.94,-10.94
54219,-2616,12.35,182.00,-145.20,-10.43
54244,-2616,12.35,159.00,-145.47,-10.88
54269,-2616,12.35,133.00,-145.74,-10.49
54294,-2616,12.35,106.00,-146.01,-10.88
54319,-2616,12.35,181.00,-146.27,-10.43
54344,-2616,12.35,118.00,-146.53,-10.43
54369,-2616,12.35,133.00,-146.80,-10.94
54394,-2616,12.35,166.00,-147.06,-10.43
54419,-2616,12.35,136.00,-147.34,-10.88
54444,-2616,12.35,143.00,-147.60,-10.43
54469,-2616,12.35,138.00,-147.86,-10.43
54494,-2616,12.35,128.00,-148.13,-10.88
54519,-2616,12.35,162.00,-148.39,-10.43
54544,-2616,12.35,106.00,-148.66,-10.83
54569,-2616,12.35,141.00,-148.92,-10.49
54594,-2616,12.35,162.00,-149.19,-10.83
54619,-2616,12.35,131.00,-149.46,-10.49
54644,-2616,12.35,120.00,-149.72,-10.43
54669,-2616,12.35,182.00,-149.99,-10.88
54694,-2616,12.35,113.00,-150.25,-10.43
54719,-2616,12.35,136.00,-150.52,-10.88
54744,-2616,12.35,171.00,-150.78,-10.43
54769,-2616,12.35,111.00,-151.05,-10.49
54794,-2616,12.35,131.00,-151.32,-10.88
54819,-2720,12.35,166.00,-151.58,-10.43
54844,-2720,12.35,191.00,-151.85,-11.00
54869,-2720,12.35,200.00,-152.12,-10.66
54894,-2720,12.35,124.00,-152.40,-11.16
54919,-2720,12.35,193.00,-152.67,-10.77
54944,-2720,12.35,179.00,-152.94,-10.77
54969,-2720,12.35,112.00,-153.22,-11.28
54994,-2720,12.35,116.00,-153.49,-10.88
55019,-2720,12.35,123.00,-153.77,-11.28
55044,-2720,12.35,129.00,-154.04,-10.83
55069,-2720,12.35,139.00,-154.32,-10.88
55094,-2720,12.35,145.00,-154.60,-11.28
55119,-2720,12.35,147.00,-154.87,-10.88
55144,-2720,12.35,140.00,-155.15,-11.28
55169,-2720,12.35,133.00,-155.42,-10.88
55194,-2720,12.35,116.00,-155.70,-10.88
55219,-2720,12.35,117.00,-155.98,-11.28
55244,-2720,12.35,115.00,-156.25,-10.88
55269,-2720,12.35,108.00,-156.53,-11.33
55294,-2720,12.35,95.00,-156.81,-10.88
55319,-2720,12.35,150.00,-157.09,-11.33
55344,-2720,12.35,124.00,-157.36,-10.88
55369,-2720,12.35,108.00,-157.63,-10.88
55394,-2720,12.35,101.00,-157.92,-11.33
55419,-2720,12.35,108.00,-158.19,-10.88
55444,-2720,12.35,113.00,-158.47,-11.33
55469,-2720,12.35,120.00,-158.74,-10.88
55494,-2720,12.35,128.00,-159.02,-10.88
55519,-2720,12.35,121.00,-159.30,-11.28
55544,-2720,12.35,122.00,-159.57,-10.83
55569,-2720,12.35,127.00,-159.85,-11.33
55594,-2720,12.35,128.00,-160.12,-10.88
55619,-2720,12.35,135.00,-160.41,-11.28
55644,-2720,12.35,129.00,-160.68,-10.83
55669,-2720,12.35,120.00,-160.95,-10.88
55694,-2720,12.35,141.00,-161.23,-11.28
55719,-2720,12.35,132.00,-161.50,-10.88
55744,-2720,12.35,123.00,-161.79,-11.33
55769,-2720,12.35,112.00,-162.06,-10.83
55794,-2720,12.35,105.00,-162.33,-10.88
55819,-2823,12.35,104.00,-162.61,-11.33
55844,-2823,12.35,163.00,-162.89,-10.94
55869,-2823,12.35,222.00,-163.17,-11.50
55894,-2823,12.35,191.00,-163.45,-11.16
55919,-2823,12.35,115.00,-163.73,-11.22
55944,-2823,12.35,121.00,-164.02,-11.67
55969,-2823,12.35,122.00,-164.30,-11.16
55994,-2823,12.35,140.00,-164.59,-11.56
56019,-2823,12.35,172.00,-164.87,-11.11
56044,-2823,12.35,151.00,-165.16,-11.67
56069,-2823,12.35,120.00,-165.44,-11.16
56094,-2823,12.35,137.00,-165.72,-11.16
56119,-2823,12.35,151.00,-166.01,-11.61
56144,-2823,12.35,172.00,-166.29,-11.11
56169,-2823,12.35,149.00,-166.58,-11.67
56194,-2823,12.35,134.00,-166.86,-11.16
56219,-2823,12.35,152.00,-167.14,-11.16
56244,-2823,12.35,175.00,-167.43,-11.61
56269,-2823,12.35,147.00,-167.71,-11.16
56294,-2823,12.35,122.00,-168.00,-11.61
56319,-2823,12.35,138.00,-168.28,-11.16
56344,-2823,12.35,158.00,-168.57,-11.61
56369,-2823,12.35,144.00,-168.85,-11.16
56394,-2823,12.35,130.00,-169.13,-11.16
56419,-2823,12.35,140.00,-169.42,-11.61
56444,-2823,12.35,162.00,-169.70,-11.16
56469,-2823,12.35,138.00,-169.99,-11.61
56494,-2823,12.35,136.00,-170.26,-11.16
56519,-2823,12.35,137.00,-170.54,-11.16
56544,-2823,12.35,136.00,-170.83,-11.61
56569,-2823,12.35,133.00,-171.11,-11.16
56594,-2823,12.35,155.00,-171.40,-11.61
56619,-2823,12.35,154.00,-171.68,-11.16
56644,-2823,12.35,140.00,-171.96,-11.16
56669,-2823,12.35,151.00,-172.25,-11.67
56694,-2823,12.35,158.00,-172.53,-11.11
56719,-2823,12.35,166.00,-172.82,-11.61
56744,-2823,12.35,142.00,-173.10,-11.22
56769,-2823,12.35,129.00,-173.39,-11.61
56794,-2823,12.35,140.00,-173.67,-11.16
56819,-2925,12.35,144.00,-173.95,-11.16
56844,-2925,12.35,181.00,-174.24,-11.67
56869,-2925,12.35,252.00,-174.53,-11.39
56894,-2925,12.35,209.00,-174.82,-11.89
56919,-2925,12.35,159.00,-175.11,-11.56
56944,-2925,12.35,165.00,-175.40,-11.61
56969,-2925,12.35,106.00,-175.71,-12.12
56994,-2925,12.35,195.00,-176.00,-11.67
57019,-2925,12.35,168.00,-176.30,-12.17
57044,-2925,12.35,149.00,-176.60,-11.72
57069,-2925,12.35,114.00,-176.90,-12.23
57094,-2925,12.35,133.00,-177.19,-11.72
57119,-2925,12.35,155.00,-177.49,-11.67
57144,-2925,12.35,165.00,-177.79,-12.23
57169,-2925,12.35,182.00,-178.08,-11.72
57194,-2925,12.35,162.00,-178.39,-12.12
57219,-2925,12.35,195.00,-178.68,-11.72
57244,-2925,12.35,177.00,-178.97,-11.72
57269,-2925,12.35,144.00,-179.28,-12.17
57294,-2925,12.35,115.00,-179.57,-11.67
57319,-2925,12.35,160.00,-179.87,-12.17
57344,-2925,12.35,188.00,-180.17,-11.72
57369,-2925,12.35,150.00,-180.46,-11.67
57394,-2925,12.35,129.00,-180.77,-12.23
57419,-2925,12.35,112.00,-181.06,-11.72
57444,-2925,12.35,128.00,-181.36,-12.17
57469,-2925,12.35,160.00,-181.66,-11.72
57494,-2925,12.35,202.00,-181.96,-12.23
57519,-2925,12.35,168.00,-182.25,-11.67
57544,-2925,12.35,143.00,-182.55,-11.72
57569,-2925,12.35,177.00,-182.85,-12.23
57594,-2925,12.35,179.00,-183.14,-11.67
57619,-2925,12.35,168.00,-183.45,-12.23
57644,-2925,12.35,136.00,-183.74,-11.67
57669,-2925,12.35,110.00,-184.03,-11.72
57694,-2925,12.35,157.00,-184.34,-12.17
57719,-2925,12.35,171.00,-184.63,-11.72
57744,-2925,12.35,171.00,-184.94,-12.17
57769,-2925,12.35,128.00,-185.23,-11.67
57794,-2925,12.35,112.00,-185.53,-12.17
57819,-3025,12.35,169.00,-185.83,-11.72
57844,-3025,12.35,257.00,-186.12,-11.72
57869,-3025,12.35,180.00,-186.43,-12.34
57894,-3025,12.35,189.00,-186.73,-11.95
57919,-3025,12.35,134.00,-187.04,-12.51
57944,-3025,12.35,136.00,-187.34,-12.01
57969,-3025,12.35,172.00,-187.64,-12.06
57994,-3025,12.35,145.00,-187.96,-12.62
58019,-3025,12.35,122.00,-188.26,-12.06
58044,-3025,12.35,143.00,-188.57,-12.62
58069,-3025,12.35,148.00,-188.88,-12.12
58094,-3025,12.35,167.00,-189.19,-12.62
58119,-3025,12.35,153.00,-189.49,-12.12
58144,-3025,12.35,151.00,-189.80,-12.06
58169,-3025,12.35,141.00,-190.11,-12.62
58194,-3025,12.35,148.00,-190.41,-12.12
58219,-3025,12.35,145.00,-190.73,-12.62
58244,-3025,12.35,163.00,-191.03,-12.06
58269,-3025,12.35,192.00,-191.33,-12.12
58294,-3025,12.35,176.00,-191.65,-12.62
58319,-3025,12.35,149.00,-191.95,-12.06
58344,-3025,12.35,133.00,-192.27,-12.62
58369,-3025,12.35,108.00,-192.57,-12.12
58394,-3025,12.35,122.00,-192.87,-12.06
58419,-3025,12.35,152.00,-193.19,-12.62
58444,-3025,12.35,182.00,-193.49,-12.12
58469,-3025,12.35,163.00,-193.81,-12.62
58494,-3025,12.35,152.00,-194.11,-12.12
58519,-3025,12.35,141.00,-194.42,-12.62
58544,-3025,12.35,141.00,-194.73,-12.12
58569,-3025,12.35,156.00,-195.03,-12.12
58594,-3025,12.35,157.00,-195.35,-12.62
58619,-3025,12.35,130.00,-195.65,-12.17
58644,-3025,12.35,135.00,-195.96,-12.57
58669,-3025,12.35,176.00,-196.27,-12.12
58694,-3025,12.35,189.00,-196.57,-12.12
58719,-3025,12.35,180.00,-196.89,-12.62
58744,-3025,12.35,132.00,-197.19,-12.17
58769,-3025,12.35,123.00,-197.51,-12.62
58794,-3025,12.35,146.00,-197.81,-12.12
58819,-3124,12.35,187.00,-198.12,-12.57
58844,-3124,12.35,236.00,-198.43,-12.17
58869,-3124,12.35,200.00,-198.73,-12.29
58894,-3124,12.35,185.00,-199.05,-12.85
58919,-3124,12.35,165.00,-199.36,-12.40
58944,-3124,12.35,193.00,-199.69,-12.96
58969,-3124,12.35,168.00,-200.00,-12.51
58994,-3124,12.35,164.00,-200.31,-12.45
59019,-3124,12.35,156.00,-200.64,-13.02
59044,-3124,12.35,180.00,-200.95,-12.51
59069,-3124,12.35,148.00,-201.28,-13.07
59094,-3124,12.35,175.00,-201.59,-12.51
59119,-3124,12.35,139.00,-201.90,-12.51
59144,-3124,12.35,136.00,-202.23,-13.07
59169,-3124,12.35,163.00,-202.54,-12.51
59194,-3124,12.35,165.00,-202.87,-13.07
59219,-3124,12.35,163.00,-203.18,-12.51
59244,-3124,12.35,156.00,-203.51,-13.02
59269,-3124,12.35,173.00,-203.82,-12.51
59294,-3124,12.35,160.00,-204.13,-12.51
59319,-3124,12.35,183.00,-204.46,-13.02
59344,-3124,12.35,169.00,-204.77,-12.51
59369,-3124,12.35,133.00,-205.10,-13.07
59394,-3124,12.35,159.00,-205.41,-12.45
59419,-3124,12.35,165.00,-205.72,-12.57
59444,-3124,12.35,137.00,-206.05,-13.02
59469,-3124,12.35,159.00,-206.36,-12.51
59494,-3124,12.35,160.00,-206.69,-13.07
59519,-3124,12.35,142.00,-207.00,-12.51
59544,-3124,12.35,187.00,-207.33,-13.07
59569,-3124,12.35,162.00,-207.64,-12.51
59594,-3124,12.35,163.00,-207.95,-12.51
59619,-3124,12.35,162.00,-208.28,-13.07
59644,-3124,12.35,120.00,-208.59,-12.57
59669,-3124,12.35,176.00,-208.92,-13.07
59694,-3124,12.35,141.00,-209.23,-12.51
59719,-3124,12.35,155.00,-209.55,-12.51
59744,-3124,12.35,164.00,-209.87,-13.07
59769,-3124,12.35,171.00,-210.19,-12.51
59794,-3124,12.35,126.00,-210.51,-13.07
59819,-3221,12.35,183.00,-210.83,-12.51
59844,-3221,12.35,191.00,-211.14,-12.57
59869,-3221,12.35,215.00,-211.47,-13.18
59894,-3221,12.35,185.00,-211.79,-12.79
59919,-3221,12.35,157.00,-212.12,-13.35
59944,-3221,12.35,204.00,-212.44,-12.85
59969,-3221,12.35,157.00,-212.78,-13.41
59994,-3221,12.35,182.00,-213.10,-12.90
60019,-3221,12.35,154.00,-213.42,-12.90
60044,-3221,12.35,150.00,-213.76,-13.46
60069,-3221,12.35,160.00,-214.08,-12.90
60094,-3221,12.35,166.00,-214.42,-13.46
60119,-3221,12.35,162.00,-214.74,-12.90
60144,-3221,12.35,153.00,-215.07,-12.96
60169,-3221,12.35,133.00,-215.40,-13.46
60194,-3221,12.35,173.00,-215.73,-12.90
60219,-3221,12.35,172.00,-216.06,-13.41
60244,-3221,12.35,132.00,-216.39,-12.96
60269,-3221,12.35,179.00,-216.72,-13.46
60294,-3221,12.35,170.00,-217.04,-12.90
60319,-3221,12.35,158.00,-217.37,-12.90
60344,-3221,12.35,194.00,-217.70,-13.41
60369,-3221,12.35,193.00,-218.03,-12.90
60394,-3221,12.35,158.00,-218.36,-13.46
60419,-3221,12.35,171.00,-218.69,-12.96
60444,-3221,12.35,147.00,-219.01,-12.90
60469,-3221,12.35,172.00,-219.34,-13.46
60494,-3221,12.35,137.00,-219.67,-12.96
60519,-3221,12.35,170.00,-220.01,-13.46
60544,-3221,12.35,144.00,-220.33,-12.90
60569,-3221,12.35,173.00,-220.65,-12.90
60594,-3221,12.35,165.00,-220.99,-13.46
60619,-3221,12.35,142.00,-221.31,-12.90
60644,-3221,12.35,164.00,-221.65,-13.46
60669,-3221,12.35,172.00,-221.97,-12.96
60694,-3221,12.35,144.00,-222.31,-13.46
60719,-3221,12.35,172.00,-222.63,-12.90
60744,-3221,12.35,164.00,-222.95,-12.90
60769,-3221,12.35,177.00,-223.29,-13.41
60794,-3221,12.35,177.00,-223.61,-12.96
60819,-3315,12.35,162.00,-223.95,-13.41
60844,-3315,12.35,207.00,-224.27,-12.96
60869,-3315,12.35,203.00,-224.60,-13.07
60894,-3315,12.35,198.00,-224.94,-13.69
60919,-3315,12.35,207.00,-225.27,-13.18
60944,-3315,12.35,180.00,-225.61,-13.80
60969,-3315,12.35,178.00,-225.95,-13.24
60994,-3315,12.35,180.00,-226.29,-13.86
61019,-3315,12.35,177.00,-226.62,-13.30
61044,-3315,12.35,155.00,-226.96,-13.30
61069,-3315,12.35,180.00,-227.30,-13.86
61094,-3315,12.35,173.00,-227.64,-13.30
61119,-3315,12.35,156.00,-227.98,-13.86
61144,-3315,12.35,150.00,-228.31,-13.30
61169,-3315,12.35,182.00,-228.64,-13.24
61194,-3315,12.35,157.00,-228.99,-13.91
61219,-3315,12.35,176.00,-229.32,-13.24
61244,-3315,12.35,171.00,-229.67,-13.86
61269,-3315,12.35,172.00,-230.00,-13.30
61294,-3315,12.35,158.00,-230.35,-13.80
61319,-3315,12.35,150.00,-230.68,-13.35
61344,-3315,12.35,183.00,-231.01,-13.24
61369,-3315,12.35,155.00,-231.36,-13.86
61394,-3315,12.35,182.00,-231.69,-13.30
61419,-3315,12.35,141.00,-232.04,-13.86
61444,-3315,12.35,163.00,-232.37,-13.30
61469,-3315,12.35,156.00,-232.70,-13.30
61494,-3315,12.35,149.00,-233.05,-13.86
61519,-3315,12.35,152.00,-233.38,-13.30
61544,-3315,12.35,179.00,-233.73,-13.86
61569,-3315,12.35,169.00,-234.06,-13.30
61594,-3315,12.35,163.00,-234.39,-13.30
61619,-3315,12.35,154.00,-234.74,-13.86
61644,-3315,12.35,168.00,-235.07,-13.30
61669,-3315,12.35,167.00,-235.42,-13.86
61694,-3315,12.35,144.00,-235.75,-13.24
61719,-3315,12.35,190.00,-236.09,-13.86
61744,-3315,12.35,168.00,-236.43,-13.30
61769,-3315,12.35,156.00,-236.76,-13.30
61794,-3315,12.35,167.00,-237.10,-13.80
61819,-3406,12.35,182.00,-237.44,-13.30
61844,-3406,12.35,230.00,-237.79,-13.97
61869,-3406,12.35,199.00,-238.12,-13.41
61894,-3406,12.35,203.00,-238.46,-13.52
61919,-3406,12.35,183.00,-238.81,-14.14
61944,-3406,12.35,174.00,-239.15,-13.58
61969,-3406,12.35,207.00,-239.51,-14.19
61994,-3406,12.35,183.00,-239.85,-13.63
62019,-3406,12.35,156.00,-240.20,-14.19
62044,-3406,12.35,189.00,-240.54,-13.63
62069,-3406,12.35,177.00,-240.88,-13.63
62094,-3406,12.35,147.00,-241.24,-14.25
62119,-3406,12.35,178.00,-241.58,-13.63
62144,-3406,12.35,177.00,-241.94,-14.19
62169,-3406,12.35,162.00,-242.28,-13.63
62194,-3406,12.35,169.00,-242.62,-13.63
62219,-3406,12.35,173.00,-242.97,-14.25
62244,-3406,12.35,176.00,-243.31,-13.63
62269,-3406,12.35,163.00,-243.67,-14.19
62294,-3406,12.35,183.00,-244.01,-13.69
62319,-3406,12.35,159.00,-244.35,-13.63
62344,-3406,12.35,169.00,-244.71,-14.25
62369,-3406,12.35,165.00,-245.05,-13.63
62394,-3406,12.35,162.00,-245.41,-14.25
62419,-3406,12.35,189.00,-245.75,-13.63
62444,-3406,12.35,190.00,-246.10,-14.25
62469,-3406,12.35,162.00,-246.44,-13.63
62494,-3406,12.35,170.00,-246.78,-13.63
62519,-3406,12.35,177.00,-247.14,-14.25
62544,-3406,12.35,178.00,-247.48,-13.63
62569,-3406,12.35,162.00,-247.84,-14.25
62594,-3406,12.35,156.00,-248.18,-13.63
62619,-3406,12.35,175.00,-248.52,-13.63
62644,-3406,12.35,187.00,-248.88,-14.25
62669,-3406,12.35,147.00,-249.22,-13.63
62694,-3406,12.35,140.00,-249.57,-14.19
62719,-3406,12.35,183.00,-249.91,-13.69
62744,-3406,12.35,153.00,-250.27,-14.19
62769,-3406,12.35,166.00,-250.61,-13.69
62794,-3406,12.35,152.00,-250.95,-13.69
62819,-3493,12.35,195.00,-251.31,-14.19
62844,-3493,12.35,223.00,-251.65,-13.69
62869,-3493,12.35,206.00,-252.01,-14.42
62894,-3493,12.35,201.00,-252.36,-13.86
62919,-3493,12.35,191.00,-252.70,-13.91
62944,-3493,12.35,163.00,-253.07,-14.53
62969,-3493,12.35,181.00,-253.42,-13.97
62994,-3493,12.35,171.00,-253.78,-14.53
63019,-3493,12.35,153.00,-254.13,-14.02
63044,-3493,12.35,164.00,-254.48,-14.02
63069,-3493,12.35,164.00,-254.85,-14.59
63094,-3493,12.35,163.00,-255.20,-13.97
63119,-3493,12.35,163.00,-255.56,-14.64
63144,-3493,12.35,153.00,-255.91,-14.02
63169,-3493,12.35,174.00,-256.28,-14.64
63194,-3493,12.35,182.00,-256.63,-14.02
63219,-3493,12.35,175.00,-256.98,-14.02
63244,-3493,12.35,173.00,-257.35,-14.64
63269,-3493,12.35,169.00,-257.70,-14.08
63294,-3493,12.35,166.00,-258.06,-14.59
63319,-3493,12.35,156.00,-258.41,-14.02
63344,-3493,12.35,164.00,-258.76,-14.08
63369,-3493,12.35,162.00,-259.13,-14.59
63394,-3493,12.35,160.00,-259.48,-14.08
63419,-3493,12.35,151.00,-259.85,-14.64
63444,-3493,12.35,161.00,-260.20,-14.02
63469,-3493,12.35,172.00,-260.56,-14.59
63494,-3493,12.35,184.00,-260.91,-14.02
63519,-3493,12.35,180.00,-261.26,-14.02
63544,-3493,12.35,172.00,-261.63,-14.59
63569,-3493,12.35,169.00,-261.98,-13.97
63594,-3493,12.35,160.00,-262.34,-14.59
63619,-3493,12.35,158.00,-262.69,-14.08
63644,-3493,12.35,167.00,-263.05,-14.02
63669,-3493,12.35,162.00,-263.41,-14.59
63694,-3493,12.35,179.00,-263.76,-14.02
63719,-3493,12.35,184.00,-264.13,-14.64
63744,-3493,12.35,180.00,-264.48,-14.08
63769,-3493,12.35,177.00,-264.83,-14.02
63794,-3493,12.35,169.00,-265.20,-14.64
63819,-3577,12.35,157.00,-265.55,-14.02
63844,-3577,12.35,224.00,-265.91,-14.70
63869,-3577,12.35,227.00,-266.27,-14.19
63894,-3577,12.35,195.00,-266.64,-14.81
63919,-3577,12.35,191.00,-266.99,-14.25
63944,-3577,12.35,178.00,-267.35,-14.31
63969,-3577,12.35,184.00,-267.73,-14.92
63994,-3577,12.35,175.00,-268.08,-14.31
64019,-3577,12.35,157.00,-268.46,-14.98
64044,-3577,12.35,172.00,-268.82,-14.31
64069,-3577,12.35,163.00,-269.17,-14.36
64094,-3577,12.35,171.00,-269.55,-14.98
64119,-3577,12.35,163.00,-269.91,-14.42
64144,-3577,12.35,172.00,-270.28,-14.98
64169,-3577,12.35,167.00,-270.64,-14.36
64194,-3577,12.35,182.00,-271.02,-14.98
64219,-3577,12.35,165.00,-271.38,-14.42
64244,-3577,12.35,169.00,-271.74,-14.36
64269,-3577,12.35,166.00,-272.11,-14.98
64294,-3577,12.35,161.00,-272.47,-14.42
64319,-3577,12.35,183.00,-272.85,-14.98
64344,-3577,12.35,176.00,-273.20,-14.36
64369,-3577,12.35,169.00,-273.56,-14.36
64394,-3577,12.35,159.00,-273.94,-14.98
64419,-3577,12.35,168.00,-274.30,-14.36
64444,-3577,12.35,163.00,-274.67,-14.98
64469,-3577,12.35,168.00,-275.03,-14.42
64494,-3577,12.35,148.00,-275.41,-14.98
64519,-3577,12.35,170.00,-275.77,-14.42
64544,-3577,12.35,160.00,-276.13,-14.36
64569,-3577,12.35,149.00,-276.50,-15.03
64594,-3577,12.35,176.00,-276.86,-14.36
64619,-3577,12.35,170.00,-277.24,-14.98
64644,-3577,12.35,173.00,-277.60,-14.42
64669,-3577,12.35,170.00,-277.96,-14.36
64694,-3577,12.35,176.00,-278.33,-14.98
64719,-3577,12.35,177.00,-278.69,-14.42
64744,-3577,12.35,183.00,-279.06,-14.92
64769,-3577,12.35,171.00,-279.42,-14.42
64794,-3577,12.35,177.00,-279.78,-14.36
64819,-3656,12.35,170.00,-280.16,-14.98
64844,-3656,12.35,213.00,-280.52,-14.42
64869,-3656,12.35,201.00,-280.89,-15.09
64894,-3656,12.35,192.00,-281.26,-14.53
64919,-3656,12.35,190.00,-281.64,-15.20
64944,-3656,12.35,177.00,-282.00,-14.64
64969,-3656,12.35,193.00,-282.37,-14.64
64994,-3656,12.35,179.00,-282.75,-15.26
65019,-3656,12.35,190.00,-283.12,-14.70
65044,-3656,12.35,180.00,-283.50,-15.26
65069,-3656,12.35,184.00,-283.87,-14.70
65094,-3656,12.35,172.00,-284.24,-14.70
65119,-3656,12.35,171.00,-284.62,-15.32
65144,-3656,12.35,161.00,-284.99,-14.70
65169,-3656,12.35,176.00,-285.37,-15.32
65194,-3656,12.35,164.00,-285.74,-14.70
65219,-3656,12.35,169.00,-286.12,-15.26
65244,-3656,12.35,163.00,-286.49,-14.70
65269,-3656,12.35,168.00,-286.85,-14.70
65294,-3656,12.35,161.00,-287.24,-15.32
65319,-3656,12.35,160.00,-287.60,-14.70
65344,-3656,12.35,153.00,-287.98,-15.26
65369,-3656,12.35,167.00,-288.35,-14.70
65394,-3656,12.35,173.00,-288.72,-14.70
65419,-3656,12.35,180.00,-289.10,-15.32
65444,-3656,12.35,173.00,-289.47,-14.70
65469,-3656,12.35,169.00,-289.85,-15.32
65494,-3656,12.35,191.00,-290.22,-14.70
65519,-3656,12.35,155.00,-290.59,-14.70
65544,-3656,12.35,178.00,-290.97,-15.32
65569,-3656,12.35,166.00,-291.34,-14.70
65594,-3656,12.35,176.00,-291.72,-15.32
65619,-3656,12.35,168.00,-292.09,-14.64
65644,-3656,12.35,190.00,-292.47,-15.32
65669,-3656,12.35,165.00,-292.84,-14.64
65694,-3656,12.35,189.00,-293.20,-14.70
65719,-3656,12.35,156.00,-293.59,-15.32
65744,-3656,12.35,167.00,-293.95,-14.70
65769,-3656,12.35,169.00,-294.34,-15.32
65794,-3656,12.35,177.00,-294.70,-14.70
65819,-3730,12.35,179.00,-295.07,-14.70
65844,-3730,12.35,216.00,-295.46,-15.37
65869,-3730,12.35,206.00,-295.83,-14.81
65894,-3730,12.35,181.00,-296.21,-15.48
65919,-3730,12.35,193.00,-296.59,-14.92
65944,-3730,12.35,175.00,-296.97,-15.54
65969,-3730,12.35,167.00,-297.35,-14.98
65994,-3730,12.35,192.00,-297.72,-14.98
66019,-3730,12.35,175.00,-298.11,-15.60
66044,-3730,12.35,184.00,-298.49,-14.92
66069,-3730,12.35,165.00,-298.88,-15.60
66094,-3730,12.35,177.00,-299.25,-14.98
66119,-3730,12.35,197.00,-299.62,-14.92
66144,-3730,12.35,170.00,-300.01,-15.60
66169,-3730,12.35,167.00,-300.39,-15.03
66194,-3730,12.35,173.00,-300.78,-15.60
66219,-3730,12.35,179.00,-301.15,-14.98
66244,-3730,12.35,177.00,-301.53,-14.98
66269,-3730,12.35,165.00,-301.92,-15.65
66294,-3730,12.35,190.00,-302.29,-14.98
66319,-3730,12.35,157.00,-302.68,-15.60
66344,-3730,12.35,182.00,-303.06,-14.98
66369,-3730,12.35,183.00,-303.45,-15.60
66394,-3730,12.35,182.00,-303.82,-14.98
66419,-3730,12.35,170.00,-304.20,-14.98
66444,-3730,12.35,153.00,-304.59,-15.65
66469,-3730,12.35,177.00,-304.96,-14.92
66494,-3730,12.35,189.00,-305.35,-15.60
66519,-3730,12.35,171.00,-305.73,-14.98
66544,-3730,12.35,176.00,-306.10,-14.98
66569,-3730,12.35,174.00,-306.49,-15.60
66594,-3730,12.35,177.00,-306.86,-14.98
66619,-3730,12.35,173.00,-307.25,-15.60
66644,-3730,12.35,176.00,-307.63,-14.98
66669,-3730,12.35,173.00,-308.02,-15.60
66694,-3730,12.35,172.00,-308.39,-14.98
66719,-3730,12.35,172.00,-308.77,-15.03
66744,-3730,12.35,160.00,-309.16,-15.60
66769,-3730,12.35,171.00,-309.53,-14.92
66794,-3730,12.35,172.00,-309.92,-15.60
66819,-3799,12.35,174.00,-310.30,-14.92
66844,-3799,12.35,227.00,-310.67,-14.98
66869,-3799,12.35,207.00,-311.06,-15.71
66894,-3799,12.35,198.00,-311.44,-15.09
66919,-3799,12.35,205.00,-311.83,-15.76
66944,-3799,12.35,176.00,-312.21,-15.15
66969,-3799,12.35,202.00,-312.59,-15.20
66994,-3799,12.35,179.00,-312.99,-15.82
67019,-3799,12.35,169.00,-313.37,-15.26
67044,-3799,12.35,183.00,-313.77,-15.88
67069,-3799,12.35,184.00,-314.15,-15.20
67094,-3799,12.35,173.00,-314.54,-15.88
67119,-3799,12.35,169.00,-314.93,-15.26
67144,-3799,12.35,186.00,-315.31,-15.20
67169,-3799,12.35,181.00,-315.70,-15.88
67194,-3799,12.35,171.00,-316.08,-15.26
67219,-3799,12.35,170.00,-316.48,-15.82
67244,-3799,12.35,174.00,-316.86,-15.26
67269,-3799,12.35,188.00,-317.24,-15.20
67294,-3799,12.35,171.00,-317.64,-15.88
67319,-3799,12.35,175.00,-318.02,-15.20
67344,-3799,12.35,184.00,-318.41,-15.88
67369,-3799,12.35,179.00,-318.80,-15.26
67394,-3799,12.35,174.00,-319.19,-15.88
67419,-3799,12.35,170.00,-319.57,-15.26
67444,-3799,12.35,171.00,-319.95,-15.20
67469,-3799,12.35,159.00,-320.35,-15.88
67494,-3799,12.35,201.00,-320.73,-15.26
67519,-3799,12.35,164.00,-321.13,-15.88
67544,-3799,12.35,168.00,-321.51,-15.26
67569,-3799,12.35,164.00,-321.89,-15.26
67594,-3799,12.35,187.00,-322.29,-15.88
67619,-3799,12.35,182.00,-322.67,-15.26
67644,-3799,12.35,171.00,-323.07,-15.88
67669,-3799,12.35,182.00,-323.45,-15.26
67694,-3799,12.35,168.00,-323.85,-15.88
67719,-3799,12.35,182.00,-324.23,-15.20
67744,-3799,12.35,180.00,-324.61,-15.26
67769,-3799,12.35,179.00,-325.00,-15.88
67794,-3799,12.35,163.00,-325.38,-15.20
67819,-3862,12.35,171.00,-325.78,-15.93
67844,-3862,12.35,206.00,-326.16,-15.26
67869,-3862,12.35,211.00,-326.55,-15.37
67894,-3862,12.35,197.00,-326.95,-16.10
67919,-3862,12.35,193.00,-327.34,-15.43
67944,-3862,12.35,175.00,-327.74,-16.16
67969,-3862,12.35,180.00,-328.13,-15.48
67994,-3862,12.35,186.00,-328.52,-15.48
68019,-3862,12.35,193.00,-328.92,-16.16
68044,-3862,12.35,175.00,-329.31,-15.54
68069,-3862,12.35,180.00,-329.71,-16.16
68094,-3862,12.35,188.00,-330.10,-15.48
68119,-3862,12.35,183.00,-330.50,-16.16
68144,-3862,12.35,180.00,-330.89,-15.54
68169,-3862,12.35,162.00,-331.28,-15.48
68194,-3862,12.35,177.00,-331.68,-16.21
68219,-3862,12.35,196.00,-332.07,-15.48
68244,-3862,12.35,176.00,-332.48,-16.21
68269,-3862,12.35,175.00,-332.86,-15.54
68294,-3862,12.35,160.00,-333.25,-15.54
68319,-3862,12.35,185.00,-333.66,-16.21
68344,-3862,12.35,180.00,-334.05,-15.54
68369,-3862,12.35,170.00,-334.45,-16.21
68394,-3862,12.35,188.00,-334.84,-15.54
68419,-3862,12.35,170.00,-335.24,-16.16
68444,-3862,12.35,181.00,-335.63,-15.54
68469,-3862,12.35,185.00,-336.02,-15.48
68494,-3862,12.35,179.00,-336.43,-16.21
68519,-3862,12.35,188.00,-336.81,-15.54
68544,-3862,12.35,166.00,-337.22,-16.16
68569,-3862,12.35,186.00,-337.61,-15.54
68594,-3862,12.35,190.00,-337.99,-15.54
68619,-3862,12.35,173.00,-338.40,-16.16
68644,-3862,12.35,186.00,-338.79,-15.60
68669,-3862,12.35,162.00,-339.19,-16.16
68694,-3862,12.35,182.00,-339.58,-15.54
68719,-3862,12.35,187.00,-339.97,-15.60
68744,-3862,12.35,169.00,-340.38,-16.21
68769,-3862,12.35,184.00,-340.76,-15.54
68794,-3862,12.35,172.00,-341.17,-16.16
68819,-3919,12.35,171.00,-341.56,-15.54
68844,-3919,12.35,217.00,-341.96,-16.21
68869,-3919,12.35,206.00,-342.35,-15.60
68894,-3919,12.35,213.00,-342.74,-15.65
68919,-3919,12.35,207.00,-343.15,-16.33
68944,-3919,12.35,194.00,-343.54,-15.71
68969,-3919,12.35,192.00,-343.95,-16.33
68994,-3919,12.35,191.00,-344.35,-15.76
69019,-3919,12.35,179.00,-344.74,-15.71
69044,-3919,12.35,178.00,-345.15,-16.44
69069,-3919,12.35,181.00,-345.54,-15.71
69094,-3919,12.35,175.00,-345.95,-16.44
69119,-3919,12.35,174.00,-346.35,-15.76
69144,-3919,12.35,181.00,-346.76,-16.44
69169,-3919,12.35,182.00,-347.15,-15.76
69194,-3919,12.35,184.00,-347.55,-15.71
69219,-3919,12.35,184.00,-347.96,-16.38
69244,-3919,12.35,187.00,-348.35,-15.76
69269,-3919,12.35,183.00,-348.76,-16.38
69294,-3919,12.35,173.00,-349.15,-15.76
69319,-3919,12.35,176.00,-349.55,-15.76
69344,-3919,12.35,183.00,-349.96,-16.38
69369,-3919,12.35,176.00,-350.35,-15.76
69394,-3919,12.35,181.00,-350.76,-16.38
69419,-3919,12.35,194.00,-351.15,-15.76
69444,-3919,12.35,182.00,-351.55,-15.76
69469,-3919,12.35,171.00,-351.96,-16.44
69494,-3919,12.35,174.00,-352.35,-15.76
69519,-3919,12.35,180.00,-352.76,-16.44
69544,-3919,12.35,175.00,-353.16,-15.76
69569,-3919,12.35,177.00,-353.57,-16.44
69594,-3919,12.35,182.00,-353.96,-15.71
69619,-3919,12.35,185.00,-354.36,-15.76
69644,-3919,12.35,184.00,-354.77,-16.44
69669,-3919,12.35,177.00,-355.16,-15.71
69694,-3919,12.35,190.00,-355.57,-16.38
69719,-3919,12.35,184.00,-355.96,-15.76
69744,-3919,12.35,174.00,-356.36,-15.76
69769,-3919,12.35,179.00,-356.77,-16.38
69794,-3919,12.35,185.00,-357.16,-15.76
69819,-3969,12.35,183.00,-357.57,-16.44
69844,-3969,12.35,205.00,-357.97,-15.76
69869,-3969,12.35,194.00,-358.38,-16.49
69894,-3969,12.35,198.00,-358.78,-15.93
69919,-3969,12.35,196.00,-359.17,-15.88
69944,-3969,12.35,186.00,-359.59,-16.55
69969,-3969,12.35,194.00,-359.99,-15.93
69994,-3969,12.35,171.00,-360.40,-16.61
70019,-3969,12.35,185.00,-360.80,-15.93
70044,-3969,12.35,196.00,-361.20,-15.99
70069,-3969,12.35,183.00,-361.61,-16.55
70094,-3969,12.35,182.00,-362.01,-15.93
70119,-3969,12.35,186.00,-362.43,-16.61
70144,-3969,12.35,174.00,-362.83,-15.99
70169,-3969,12.35,188.00,-363.22,-15.93
70194,-3969,12.35,184.00,-363.64,-16.66
70219,-3969,12.35,191.00,-364.04,-15.93
70244,-3969,12.35,168.00,-364.45,-16.61
70269,-3969,12.35,185.00,-364.85,-15.99
70294,-3969,12.35,176.00,-365.27,-16.61
70319,-3969,12.35,190.00,-365.67,-15.99
70344,-3969,12.35,176.00,-366.07,-15.99
70369,-3969,12.35,181.00,-366.48,-16.61
70394,-3969,12.35,188.00,-366.88,-15.99
70419,-3969,12.35,185.00,-367.30,-16.61
70444,-3969,12.35,180.00,-367.70,-15.93
70469,-3969,12.35,190.00,-368.10,-15.99
70494,-3969,12.35,185.00,-368.51,-16.55
70519,-3969,12.35,183.00,-368.91,-15.99
70544,-3969,12.35,180.00,-369.33,-16.61
70569,-3969,12.35,173.00,-369.72,-15.99
70594,-3969,12.35,179.00,-370.14,-16.61
70619,-3969,12.35,174.00,-370.54,-15.99
70644,-3969,12.35,193.00,-370.94,-15.93
70669,-3969,12.35,181.00,-371.35,-16.66
70694,-3969,12.35,184.00,-371.75,-15.93
70719,-3969,12.35,177.00,-372.17,-16.61
70744,-3969,12.35,185.00,-372.57,-15.99
70769,-3969,12.35,174.00,-372.97,-15.93
70794,-3969,12.35,189.00,-373.38,-16.61
70819,-4011,12.35,184.00,-373.78,-15.99
70844,-4011,12.35,209.00,-374.20,-16.61
70869,-4011,12.35,204.00,-374.60,-15.99
70894,-4011,12.35,195.00,-375.01,-16.72
70919,-4011,12.35,197.00,-375.41,-16.04
70944,-4011,12.35,182.00,-375.82,-16.10
70969,-4011,12.35,184.00,-376.24,-16.77
70994,-4011,12.35,192.00,-376.64,-16.10
71019,-4011,12.35,196.00,-377.06,-16.77
71044,-4011,12.35,181.00,-377.46,-16.10
71069,-4011,12.35,188.00,-377.86,-16.10
71094,-4011,12.35,190.00,-378.28,-16.83
71119,-4011,12.35,192.00,-378.69,-16.10
71144,-4011,12.35,191.00,-379.11,-16.77
71169,-4011,12.35,184.00,-379.51,-16.16
71194,-4011,12.35,185.00,-379.91,-16.10
71219,-4011,12.35,188.00,-380.33,-16.77
71244,-4011,12.35,193.00,-380.74,-16.16
71269,-4011,12.35,183.00,-381.16,-16.77
71294,-4011,12.35,182.00,-381.56,-16.10
71319,-4011,12.35,181.00,-381.98,-16.77
71344,-4011,12.35,187.00,-382.38,-16.16
71369,-4011,12.35,199.00,-382.78,-16.16
71394,-4011,12.35,184.00,-383.20,-16.77
71419,-4011,12.35,191.00,-383.61,-16.16
71444,-4011,12.35,174.00,-384.03,-16.83
71469,-4011,12.35,186.00,-384.43,-16.10
71494,-4011,12.35,191.00,-384.84,-16.16
71519,-4011,12.35,183.00,-385.25,-16.77
71544,-4011,12.35,184.00,-385.66,-16.10
71569,-4011,12.35,181.00,-386.08,-16.77
71594,-4011,12.35,184.00,-386.48,-16.16
71619,-4011,12.35,198.00,-386.90,-16.77
71644,-4011,12.35,183.00,-387.30,-16.04
71669,-4011,12.35,177.00,-387.70,-16.16
71694,-4011,12.35,184.00,-388.12,-16.77
71719,-4011,12.35,194.00,-388.53,-16.10
71744,-4011,12.35,188.00,-388.95,-16.83
71769,-4011,12.35,186.00,-389.35,-16.16
71794,-4011,12.35,182.00,-389.75,-16.10
71819,-4046,12.35,187.00,-390.17,-16.77
71844,-4046,12.35,207.00,-390.58,-16.21
71869,-4046,12.35,208.00,-391.00,-16.83
71894,-4046,12.35,205.00,-391.40,-16.21
71919,-4046,12.35,202.00,-391.81,-16.21
71944,-4046,12.35,189.00,-392.23,-16.89
71969,-4046,12.35,201.00,-392.64,-16.27
71994,-4046,12.35,188.00,-393.06,-16.89
72019,-4046,12.35,196.00,-393.47,-16.27
72044,-4046,12.35,202.00,-393.89,-16.94
72069,-4046,12.35,198.00,-394.30,-16.27
72094,-4046,12.35,194.00,-394.70,-16.21
72119,-4046,12.35,199.00,-395.13,-16.94
72144,-4046,12.35,190.00,-395.53,-16.27
72169,-4046,12.35,193.00,-395.96,-16.94
72194,-4046,12.35,194.00,-396.36,-16.27
72219,-4046,12.35,189.00,-396.77,-16.27
72244,-4046,12.35,197.00,-397.19,-16.94
72269,-4046,12.35,188.00,-397.60,-16.33
72294,-4046,12.35,187.00,-398.03,-16.94
72319,-4046,12.35,187.00,-398.43,-16.27
72344,-4046,12.35,174.00,-398.85,-16.89
72369,-4046,12.35,194.00,-399.26,-16.33
72394,-4046,12.35,185.00,-399.67,-16.21
72419,-4046,12.35,192.00,-400.09,-16.94
72444,-4046,12.35,183.00,-400.50,-16.27
72469,-4046,12.35,191.00,-400.92,-16.94
72494,-4046,12.35,181.00,-401.33,-16.27
72519,-4046,12.35,194.00,-401.74,-16.27
72544,-4046,12.35,183.00,-402.16,-17.00
72569,-4046,12.35,197.00,-402.57,-16.27
72594,-4046,12.35,197.00,-402.99,-17.00
72619,-4046,12.35,197.00,-403.40,-16.27
72644,-4046,12.35,194.00,-403.81,-16.27
72669,-4046,12.35,203.00,-404.23,-16.94
72694,-4046,12.35,191.00,-404.64,-16.27
72719,-4046,12.35,189.00,-405.06,-16.94
72744,-4046,12.35,190.00,-405.47,-16.33
72769,-4046,12.35,184.00,-405.89,-16.94
72794,-4046,12.35,177.00,-406.30,-16.27
72819,-4071,12.35,180.00,-406.70,-16.27
72844,-4071,12.35,195.00,-407.13,-16.94
72869,-4071,12.35,197.00,-407.54,-16.33
72894,-4071,12.35,194.00,-407.96,-17.05
72919,-4071,12.35,188.00,-408.37,-16.33
72944,-4071,12.35,190.00,-408.78,-16.38
72969,-4071,12.35,175.00,-409.21,-17.05
72994,-4071,12.35,191.00,-409.62,-16.38
73019,-4071,12.35,191.00,-410.04,-17.05
73044,-4071,12.35,194.00,-410.45,-16.38
73069,-4071,12.35,189.00,-410.88,-17.00
73094,-4071,12.35,191.00,-411.29,-16.38
73119,-4071,12.35,190.00,-411.70,-16.38
73144,-4071,12.35,204.00,-412.12,-17.05
73169,-4071,12.35,196.00,-412.53,-16.33
73194,-4071,12.35,190.00,-412.96,-17.05
73219,-4071,12.35,182.00,-413.37,-16.38
73244,-4071,12.35,185.00,-413.78,-16.38
73269,-4071,12.35,183.00,-414.20,-17.05
73294,-4071,12.35,184.00,-414.61,-16.38
73319,-4071,12.35,175.00,-415.04,-17.05
73344,-4071,12.35,189.00,-415.45,-16.38
73369,-4071,12.35,188.00,-415.86,-16.38
73394,-4071,12.35,193.00,-416.28,-17.05
73419,-4071,12.35,179.00,-416.69,-16.38
73444,-4071,12.35,195.00,-417.12,-17.05
73469,-4071,12.35,195.00,-417.53,-16.38
73494,-4071,12.35,200.00,-417.96,-17.05
73519,-4071,12.35,198.00,-418.36,-16.38
73544,-4071,12.35,176.00,-418.77,-16.33
73569,-4071,12.35,184.00,-419.20,-17.05
73594,-4071,12.35,189.00,-419.61,-16.38
73619,-4071,12.35,184.00,-420.04,-17.05
73644,-4071,12.35,184.00,-420.44,-16.38
73669,-4071,12.35,172.00,-420.85,-16.38
73694,-4071,12.35,191.00,-421.28,-17.05
73719,-4071,12.35,192.00,-421.69,-16.38
73744,-4071,12.35,194.00,-422.12,-17.05
73769,-4071,12.35,182.00,-422.53,-16.38
73794,-4071,12.35,200.00,-422.95,-17.05
73819,-4088,12.35,197.00,-423.36,-16.33
73844,-4088,12.35,208.00,-423.77,-16.38
73869,-4088,12.35,192.00,-424.20,-17.11
73894,-4088,12.35,188.00,-424.61,-16.38
73919,-4088,12.35,198.00,-425.04,-17.11
73944,-4088,12.35,195.00,-425.44,-16.38
73969,-4088,12.35,170.00,-425.86,-16.44
73994,-4088,12.35,200.00,-426.28,-17.11
74019,-4088,12.35,199.00,-426.69,-16.44
74044,-4088,12.35,183.00,-427.12,-17.17
74069,-4088,12.35,193.00,-427.53,-16.44
74094,-4088,12.35,190.00,-427.96,-17.11
74119,-4088,12.35,182.00,-428.37,-16.44
74144,-4088,12.35,194.00,-428.79,-16.49
74169,-4088,12.35,173.00,-429.21,-17.11
74194,-4088,12.35,190.00,-429.62,-16.44
74219,-4088,12.35,190.00,-430.05,-17.11
74244,-4088,12.35,185.00,-430.46,-16.44
74269,-4088,12.35,194.00,-430.87,-16.44
74294,-4088,12.35,199.00,-431.30,-17.11
74319,-4088,12.35,188.00,-431.71,-16.49
74344,-4088,12.35,181.00,-432.14,-17.11
74369,-4088,12.35,187.00,-432.55,-16.44
74394,-4088,12.35,177.00,-432.96,-16.44
74419,-4088,12.35,185.00,-433.39,-17.17
74444,-4088,12.35,192.00,-433.80,-16.44
74469,-4088,12.35,187.00,-434.23,-17.17
74494,-4088,12.35,187.00,-434.64,-16.44
74519,-4088,12.35,193.00,-435.07,-17.11
74544,-4088,12.35,187.00,-435.48,-16.44
74569,-4088,12.35,187.00,-435.89,-16.49
74594,-4088,12.35,181.00,-436.32,-17.11
74619,-4088,12.35,184.00,-436.73,-16.44
74644,-4088,12.35,191.00,-437.16,-17.11
74669,-4088,12.35,194.00,-437.57,-16.44
74694,-4088,12.35,189.00,-437.98,-16.44
74719,-4088,12.35,190.00,-438.41,-17.17
74744,-4088,12.35,195.00,-438.82,-16.44
74769,-4088,12.35,182.00,-439.25,-17.17
74794,-4088,12.35,187.00,-439.66,-16.44
74819,-4096,12.35,174.00,-440.09,-17.17
74844,-4096,12.35,190.00,-440.50,-16.44
74869,-4096,12.35,196.00,-440.92,-16.49
74894,-4096,12.35,190.00,-441.34,-17.17
74919,-4096,12.35,199.00,-441.76,-16.44
74944,-4096,12.35,188.00,-442.18,-17.17
74969,-4096,12.35,186.00,-442.60,-16.49
74994,-4096,12.35,189.00,-443.01,-16.44
75019,-4096,12.35,168.00,-443.44,-17.17
75044,-4096,12.35,194.00,-443.85,-16.49
75069,-4096,12.35,198.00,-444.28,-17.17
75094,-4096,12.35,182.00,-444.69,-16.49
75119,-4096,12.35,201.00,-445.10,-16.49
75144,-4096,12.35,177.00,-445.53,-17.17
75169,-4096,12.35,185.00,-445.94,-16.49
75194,-4096,12.35,180.00,-446.37,-17.17
75219,-4096,12.35,188.00,-446.79,-16.49
75244,-4096,12.35,183.00,-447.22,-17.22
75269,-4096,12.35,190.00,-447.63,-16.49
75294,-4096,12.35,192.00,-448.04,-16.49
75319,-4096,12.35,183.00,-448.47,-17.22
75344,-4096,12.35,184.00,-448.88,-16.44
75369,-4096,12.35,183.00,-449.31,-17.22
75394,-4096,12.35,193.00,-449.72,-16.44
75419,-4096,12.35,189.00,-450.14,-16.49
75444,-4096,12.35,195.00,-450.57,-17.17
75469,-4096,12.35,192.00,-450.98,-16.49
75494,-4096,12.35,181.00,-451.41,-17.17
75519,-4096,12.35,185.00,-451.82,-16.49
75544,-4096,12.35,182.00,-452.25,-17.22
75569,-4096,12.35,172.00,-452.66,-16.49
75594,-4096,12.35,194.00,-453.08,-16.49
75619,-4096,12.35,183.00,-453.50,-17.17
75644,-4096,12.35,202.00,-453.92,-16.49
75669,-4096,12.35,182.00,-454.35,-17.17
75694,-4096,12.35,190.00,-454.76,-16.49
75719,-4096,12.35,174.00,-455.17,-16.49
75744,-4096,12.35,188.00,-455.60,-17.17
75769,-4096,12.35,200.00,-456.01,-16.49
75794,-4096,12.35,184.00,-456.44,-17.17
75819,-4093,12.35,202.00,-456.85,-16.44
75844,-4093,12.35,187.00,-457.26,-16.49
75869,-4093,12.35,181.00,-457.70,-17.22
75894,-4093,12.35,186.00,-458.11,-16.44
75919,-4093,12.35,177.00,-458.54,-17.22
75944,-4093,12.35,191.00,-458.95,-16.49
75969,-4093,12.35,187.00,-459.38,-17.17
75994,-4093,12.35,194.00,-459.79,-16.49
76019,-4093,12.35,182.00,-460.20,-16.49
76044,-4093,12.35,190.00,-460.63,-17.17
76069,-4093,12.35,193.00,-461.04,-16.49
76094,-4093,12.35,179.00,-461.47,-17.17
76119,-4093,12.35,203.00,-461.89,-16.49
76144,-4093,12.35,187.00,-462.30,-16.49
76169,-4093,12.35,192.00,-462.73,-17.17
76194,-4093,12.35,196.00,-463.14,-16.49
76219,-4093,12.35,182.00,-463.57,-17.17
76244,-4093,12.35,189.00,-463.98,-16.49
76269,-4093,12.35,174.00,-464.41,-17.17
76294,-4093,12.35,196.00,-464.82,-16.49
76319,-4093,12.35,187.00,-465.24,-16.55
76344,-4093,12.35,200.00,-465.67,-17.17
76369,-4093,12.35,187.00,-466.08,-16.49
76394,-4093,12.35,172.00,-466.51,-17.17
76419,-4093,12.35,189.00,-466.92,-16.49
76444,-4093,12.35,187.00,-467.33,-16.49
76469,-4093,12.35,187.00,-467.76,-17.17
76494,-4093,12.35,180.00,-468.17,-16.49
76519,-4093,12.35,204.00,-468.60,-17.17
76544,-4093,12.35,200.00,-469.01,-16.49
76569,-4093,12.35,179.00,-469.43,-16.44
76594,-4093,12.35,193.00,-469.86,-17.22
76619,-4093,12.35,179.00,-470.27,-16.44
76644,-4093,12.35,179.00,-470.70,-17.17
76669,-4093,12.35,196.00,-471.11,-16.49
76694,-4093,12.35,184.00,-471.54,-17.22
76719,-4093,12.35,195.00,-471.95,-16.49
76744,-4093,12.35,185.00,-472.36,-16.49
76769,-4093,12.35,188.00,-472.79,-17.17
76794,-4093,12.35,174.00,-473.21,-16.55
76819,-4080,12.35,198.00,-473.64,-17.17
76844,-4080,12.35,189.00,-474.05,-16.44
76869,-4080,12.35,173.00,-474.46,-16.49
76894,-4080,12.35,200.00,-474.89,-17.11
76919,-4080,12.35,185.00,-475.30,-16.49
76944,-4080,12.35,184.00,-475.73,-17.11
76969,-4080,12.35,188.00,-476.14,-16.44
76994,-4080,12.35,185.00,-476.57,-17.11
77019,-4080,12.35,175.00,-476.98,-16.44
77044,-4080,12.35,190.00,-477.39,-16.49
77069,-4080,12.35,182.00,-477.82,-17.11
77094,-4080,12.35,191.00,-478.23,-16.44
77119,-4080,12.35,200.00,-478.66,-17.11
77144,-4080,12.35,177.00,-479.07,-16.49
77169,-4080,12.35,187.00,-479.48,-16.44
77194,-4080,12.35,187.00,-479.91,-17.11
77219,-4080,12.35,175.00,-480.32,-16.44
77244,-4080,12.35,194.00,-480.75,-17.11
77269,-4080,12.35,199.00,-481.16,-16.44
77294,-4080,12.35,188.00,-481.58,-17.11
77319,-4080,12.35,198.00,-481.99,-16.44
77344,-4080,12.35,196.00,-482.41,-16.44
77369,-4080,12.35,191.00,-482.83,-17.11
77394,-4080,12.35,183.00,-483.24,-16.44
77419,-4080,12.35,188.00,-483.67,-17.11
77444,-4080,12.35,182.00,-484.08,-16.44
77469,-4080,12.35,179.00,-484.49,-16.44
77494,-4080,12.35,197.00,-484.92,-17.11
77519,-4080,12.35,184.00,-485.33,-16.44
77544,-4080,12.35,186.00,-485.76,-17.17
77569,-4080,12.35,202.00,-486.17,-16.38
77594,-4080,12.35,189.00,-486.58,-16.44
77619,-4080,12.35,175.00,-487.01,-17.17
77644,-4080,12.35,194.00,-487.42,-16.38
77669,-4080,12.35,189.00,-487.85,-17.11
77694,-4080,12.35,173.00,-488.26,-16.44
77719,-4080,12.35,192.00,-488.69,-17.11
77744,-4080,12.35,199.00,-489.10,-16.44
77769,-4080,12.35,184.00,-489.51,-16.44
77794,-4080,12.35,186.00,-489.94,-17.11
77819,-4056,12.35,185.00,-490.35,-16.44
77844,-4056,12.35,163.00,-490.78,-17.11
77869,-4056,12.35,175.00,-491.19,-16.38
77894,-4056,12.35,177.00,-491.59,-16.38
77919,-4056,12.35,175.00,-492.02,-17.05
77944,-4056,12.35,165.00,-492.43,-16.38
77969,-4056,12.35,183.00,-492.86,-17.00
77994,-4056,12.35,181.00,-493.27,-16.38
78019,-4056,12.35,194.00,-493.69,-17.00
78044,-4056,12.35,195.00,-494.10,-16.33
78069,-4056,12.35,188.00,-494.51,-16.33
78094,-4056,12.35,184.00,-494.93,-17.00
78119,-4056,12.35,176.00,-495.34,-16.33
78144,-4056,12.35,189.00,-495.77,-17.05
78169,-4056,12.35,185.00,-496.17,-16.33
78194,-4056,12.35,189.00,-496.58,-16.33
78219,-4056,12.35,188.00,-497.01,-17.00
78244,-4056,12.35,185.00,-497.42,-16.33
78269,-4056,12.35,178.00,-497.84,-17.00
78294,-4056,12.35,179.00,-498.25,-16.33
78319,-4056,12.35,179.00,-498.66,-16.33
78344,-4056,12.35,187.00,-499.08,-17.00
78369,-4056,12.35,188.00,-499.49,-16.33
78394,-4056,12.35,198.00,-499.91,-17.00
78419,-4056,12.35,193.00,-500.32,-16.27
78444,-4056,12.35,177.00,-500.75,-17.00
78469,-4056,12.35,186.00,-501.15,-16.33
78494,-4056,12.35,171.00,-501.56,-16.33
78519,-4056,12.35,185.00,-501.99,-17.05
78544,-4056,12.35,184.00,-502.40,-16.33
78569,-4056,12.35,188.00,-502.82,-17.00
78594,-4056,12.35,186.00,-503.23,-16.33
78619,-4056,12.35,185.00,-503.64,-16.38
78644,-4056,12.35,177.00,-504.06,-17.00
78669,-4056,12.35,195.00,-504.47,-16.33
78694,-4056,12.35,186.00,-504.90,-17.00
78719,-4056,12.35,200.00,-505.31,-16.33
78744,-4056,12.35,187.00,-505.73,-17.00
78769,-4056,12.35,189.00,-506.14,-16.33
78794,-4056,12.35,191.00,-506.55,-16.33
78819,-4021,12.35,177.00,-506.97,-17.00
78844,-4021,12.35,156.00,-507.38,-16.27
78869,-4021,12.35,157.00,-507.80,-16.94
78894,-4021,12.35,163.00,-508.21,-16.27
78919,-4021,12.35,164.00,-508.61,-16.21
78944,-4021,12.35,170.00,-509.04,-16.94
78969,-4021,12.35,171.00,-509.44,-16.21
78994,-4021,12.35,170.00,-509.87,-16.89
79019,-4021,12.35,171.00,-510.27,-16.21
79044,-4021,12.35,169.00,-510.68,-16.21
79069,-4021,12.35,187.00,-511.10,-16.83
79094,-4021,12.35,190.00,-511.50,-16.21
79119,-4021,12.35,186.00,-511.92,-16.83
79144,-4021,12.35,191.00,-512.33,-16.21
79169,-4021,12.35,194.00,-512.75,-16.89
79194,-4021,12.35,204.00,-513.15,-16.16
79219,-4021,12.35,187.00,-513.56,-16.21
79244,-4021,12.35,190.00,-513.98,-16.83
79269,-4021,12.35,182.00,-514.39,-16.21
79294,-4021,12.35,184.00,-514.81,-16.83
79319,-4021,12.35,181.00,-515.21,-16.21
79344,-4021,12.35,181.00,-515.62,-16.21
79369,-4021,12.35,192.00,-516.04,-16.83
79394,-4021,12.35,188.00,-516.44,-16.21
79419,-4021,12.35,195.00,-516.86,-16.83
79444,-4021,12.35,189.00,-517.27,-16.21
79469,-4021,12.35,184.00,-517.69,-16.83
79494,-4021,12.35,188.00,-518.09,-16.21
79519,-4021,12.35,171.00,-518.50,-16.16
79544,-4021,12.35,186.00,-518.92,-16.83
79569,-4021,12.35,178.00,-519.32,-16.16
79594,-4021,12.35,180.00,-519.74,-16.83
79619,-4021,12.35,184.00,-520.15,-16.21
79644,-4021,12.35,185.00,-520.55,-16.16
79669,-4021,12.35,184.00,-520.98,-16.89
79694,-4021,12.35,188.00,-521.38,-16.21
79719,-4021,12.35,182.00,-521.80,-16.83
79744,-4021,12.35,181.00,-522.21,-16.21
79769,-4021,12.35,174.00,-522.61,-16.16
79794,-4021,12.35,183.00,-523.03,-16.89
79819,-3974,12.35,181.00,-523.44,-16.16
79844,-3974,12.35,163.00,-523.86,-16.83
79869,-3974,12.35,184.00,-524.26,-16.10
79894,-3974,12.35,169.00,-524.68,-16.72
79919,-3974,12.35,178.00,-525.08,-16.10
79944,-3974,12.35,180.00,-525.48,-15.99
79969,-3974,12.35,165.00,-525.90,-16.72
79994,-3974,12.35,170.00,-526.30,-15.99
80019,-3974,12.35,188.00,-526.71,-16.66
80044,-3974,12.35,179.00,-527.11,-15.99
80069,-3974,12.35,197.00,-527.51,-15.99
80094,-3974,12.35,173.00,-527.93,-16.66
80119,-3974,12.35,188.00,-528.33,-15.99
80144,-3974,12.35,182.00,-528.75,-16.72
80169,-3974,12.35,170.00,-529.15,-15.99
80194,-3974,12.35,187.00,-529.56,-16.66
80219,-3974,12.35,169.00,-529.96,-15.99
80244,-3974,12.35,185.00,-530.36,-15.99
80269,-3974,12.35,190.00,-530.78,-16.66
80294,-3974,12.35,189.00,-531.18,-15.99
80319,-3974,12.35,188.00,-531.60,-16.66
80344,-3974,12.35,170.00,-532.00,-15.99
80369,-3974,12.35,181.00,-532.40,-15.99
80394,-3974,12.35,173.00,-532.81,-16.66
80419,-3974,12.35,194.00,-533.21,-15.99
80444,-3974,12.35,185.00,-533.63,-16.61
80469,-3974,12.35,183.00,-534.03,-15.99
80494,-3974,12.35,176.00,-534.45,-16.72
80519,-3974,12.35,178.00,-534.84,-15.99
80544,-3974,12.35,184.00,-535.24,-15.99
80569,-3974,12.35,170.00,-535.66,-16.72
80594,-3974,12.35,183.00,-536.06,-15.99
80619,-3974,12.35,193.00,-536.48,-16.66
80644,-3974,12.35,180.00,-536.88,-15.99
80669,-3974,12.35,190.00,-537.28,-15.99
80694,-3974,12.35,179.00,-537.69,-16.66
80719,-3974,12.35,174.00,-538.09,-15.99
80744,-3974,12.35,179.00,-538.51,-16.66
80769,-3974,12.35,187.00,-538.91,-15.99
80794,-3974,12.35,194.00,-539.31,-15.99
80819,-3914,12.35,183.00,-539.73,-16.66
80844,-3914,12.35,155.00,-540.13,-15.93
80869,-3914,12.35,137.00,-540.54,-16.61
80894,-3914,12.35,149.00,-540.94,-15.82
80919,-3914,12.35,172.00,-541.35,-16.49
80944,-3914,12.35,169.00,-541.74,-15.82
80969,-3914,12.35,155.00,-542.14,-15.82
80994,-3914,12.35,173.00,-542.55,-16.44
81019,-3914,12.35,179.00,-542.94,-15.76
81044,-3914,12.35,186.00,-543.36,-16.44
81069,-3914,12.35,177.00,-543.75,-15.71
81094,-3914,12.35,181.00,-544.14,-15.76
81119,-3914,12.35,184.00,-544.55,-16.38
81144,-3914,12.35,178.00,-544.95,-15.76
81169,-3914,12.35,179.00,-545.36,-16.44
81194,-3914,12.35,182.00,-545.75,-15.76
81219,-3914,12.35,180.00,-546.16,-16.38
81244,-3914,12.35,178.00,-546.55,-15.76
81269,-3914,12.35,179.00,-546.95,-15.76
81294,-3914,12.35,184.00,-547.36,-16.44
81319,-3914,12.35,178.00,-547.75,-15.76
81344,-3914,12.35,173.00,-548.16,-16.38
81369,-3914,12.35,175.00,-548.56,-15.76
81394,-3914,12.35,182.00,-548.95,-15.76
81419,-3914,12.35,182.00,-549.36,-16.38
81444,-3914,12.35,174.00,-549.75,-15.76
81469,-3914,12.35,181.00,-550.16,-16.38
81494,-3914,12.35,185.00,-550.56,-15.76
81519,-3914,12.35,171.00,-550.95,-15.71
81544,-3914,12.35,177.00,-551.36,-16.44
81569,-3914,12.35,191.00,-551.76,-15.76
81594,-3914,12.35,180.00,-552.17,-16.44
81619,-3914,12.35,177.00,-552.56,-15.76
81644,-3914,12.35,176.00,-552.97,-16.38
81669,-3914,12.35,181.00,-553.37,-15.82
81694,-3914,12.35,176.00,-553.76,-15.76
81719,-3914,12.35,183.00,-554.17,-16.44
81744,-3914,12.35,177.00,-554.57,-15.76
81769,-3914,12.35,180.00,-554.98,-16.44
81794,-3914,12.35,166.00,-555.37,-15.76
81819,-3843,12.35,185.00,-555.76,-15.71
81844,-3843,12.35,147.00,-556.17,-16.38
81869,-3843,12.35,144.00,-556.56,-15.65
81894,-3843,12.35,139.00,-556.97,-16.27
81919,-3843,12.35,159.00,-557.36,-15.54
81944,-3843,12.35,167.00,-557.76,-16.21
81969,-3843,12.35,173.00,-558.15,-15.48
81994,-3843,12.35,171.00,-558.54,-15.54
82019,-3843,12.35,169.00,-558.94,-16.16
82044,-3843,12.35,184.00,-559.33,-15.48
82069,-3843,12.35,175.00,-559.74,-16.16
82094,-3843,12.35,179.00,-560.12,-15.48
82119,-3843,12.35,177.00,-560.51,-15.48
82144,-3843,12.35,163.00,-560.91,-16.16
82169,-3843,12.35,171.00,-561.30,-15.48
82194,-3843,12.35,179.00,-561.70,-16.10
82219,-3843,12.35,189.00,-562.09,-15.48
82244,-3843,12.35,168.00,-562.48,-15.48
82269,-3843,12.35,180.00,-562.88,-16.10
82294,-3843,12.35,175.00,-563.27,-15.48
82319,-3843,12.35,180.00,-563.67,-16.10
82344,-3843,12.35,173.00,-564.05,-15.43
82369,-3843,12.35,176.00,-564.46,-16.10
82394,-3843,12.35,183.00,-564.84,-15.48
82419,-3843,12.35,181.00,-565.23,-15.48
82444,-3843,12.35,178.00,-565.64,-16.16
82469,-3843,12.35,172.00,-566.02,-15.48
82494,-3843,12.35,188.00,-566.42,-16.10
82519,-3843,12.35,175.00,-566.81,-15.48
82544,-3843,12.35,164.00,-567.20,-15.48
82569,-3843,12.35,175.00,-567.60,-16.10
82594,-3843,12.35,173.00,-567.99,-15.48
82619,-3843,12.35,175.00,-568.39,-16.10
82644,-3843,12.35,178.00,-568.78,-15.48
82669,-3843,12.35,180.00,-569.18,-16.04
82694,-3843,12.35,167.00,-569.57,-15.48
82719,-3843,12.35,182.00,-569.95,-15.43
82744,-3843,12.35,172.00,-570.35,-16.10
82769,-3843,12.35,174.00,-570.74,-15.43
82794,-3843,12.35,176.00,-571.14,-16.10
82819,-3758,12.35,173.00,-571.53,-15.48
82844,-3758,12.35,118.00,-571.92,-15.43
82869,-3758,12.35,136.00,-572.32,-15.99
82894,-3758,12.35,150.00,-572.70,-15.26
82919,-3758,12.35,146.00,-573.09,-15.82
82944,-3758,12.35,147.00,-573.47,-15.20
82969,-3758,12.35,173.00,-573.85,-15.20
82994,-3758,12.35,175.00,-574.25,-15.76
83019,-3758,12.35,188.00,-574.63,-15.20
83044,-3758,12.35,164.00,-575.02,-15.71
83069,-3758,12.35,166.00,-575.40,-15.15
83094,-3758,12.35,179.00,-575.79,-15.71
83119,-3758,12.35,165.00,-576.17,-15.15
83144,-3758,12.35,177.00,-576.55,-15.15
83169,-3758,12.35,175.00,-576.94,-15.76
83194,-3758,12.35,172.00,-577.32,-15.09
83219,-3758,12.35,186.00,-577.71,-15.76
83244,-3758,12.35,171.00,-578.09,-15.15
83269,-3758,12.35,159.00,-578.47,-15.09
83294,-3758,12.35,178.00,-578.86,-15.76
83319,-3758,12.35,183.00,-579.24,-15.15
83344,-3758,12.35,164.00,-579.64,-15.76
83369,-3758,12.35,188.00,-580.01,-15.09
83394,-3758,12.35,179.00,-580.41,-15.76
83419,-3758,12.35,164.00,-580.79,-15.15
83444,-3758,12.35,169.00,-581.16,-15.09
83469,-3758,12.35,181.00,-581.56,-15.76
83494,-3758,12.35,186.00,-581.94,-15.09
83519,-3758,12.35,190.00,-582.33,-15.76
83544,-3758,12.35,170.00,-582.71,-15.09
83569,-3758,12.35,157.00,-583.09,-15.15
83594,-3758,12.35,166.00,-583.48,-15.76
83619,-3758,12.35,166.00,-583.86,-15.09
83644,-3758,12.35,184.00,-584.25,-15.76
83669,-3758,12.35,169.00,-584.63,-15.15
83694,-3758,12.35,172.00,-585.02,-15.76
83719,-3758,12.35,159.00,-585.40,-15.09
83744,-3758,12.35,160.00,-585.78,-15.15
83769,-3758,12.35,169.00,-586.17,-15.76
83794,-3758,12.35,175.00,-586.55,-15.09
83819,-3661,12.35,185.00,-586.94,-15.76
83844,-3661,12.35,114.00,-587.32,-15.09
83869,-3661,12.35,135.00,-587.70,-14.92
83894,-3661,12.35,146.00,-588.08,-15.48
83919,-3661,12.35,141.00,-588.45,-14.81
83944,-3661,12.35,167.00,-588.84,-15.37
83969,-3661,12.35,165.00,-589.21,-14.81
83994,-3661,12.35,162.00,-589.58,-14.75
84019,-3661,12.35,147.00,-589.96,-15.37
84044,-3661,12.35,158.00,-590.33,-14.75
84069,-3661,12.35,169.00,-590.71,-15.37
84094,-3661,12.35,162.00,-591.08,-14.75
84119,-3661,12.35,159.00,-591.47,-15.37
84144,-3661,12.35,174.00,-591.84,-14.75
84169,-3661,12.35,161.00,-592.20,-14.70
84194,-3661,12.35,157.00,-592.59,-15.37
84219,-3661,12.35,162.00,-592.96,-14.75
84244,-3661,12.35,165.00,-593.34,-15.32
84269,-3661,12.35,176.00,-593.71,-14.75
84294,-3661,12.35,174.00,-594.08,-14.70
84319,-3661,12.35,182.00,-594.46,-15.32
84344,-3661,12.35,177.00,-594.83,-14.75
84369,-3661,12.35,172.00,-595.21,-15.37
84394,-3661,12.35,151.00,-595.58,-14.70
84419,-3661,12.35,156.00,-595.96,-15.37
84444,-3661,12.35,174.00,-596.33,-14.75
84469,-3661,12.35,184.00,-596.70,-14.75
84494,-3661,12.35,171.00,-597.08,-15.37
84519,-3661,12.35,177.00,-597.45,-14.75
84544,-3661,12.35,155.00,-597.84,-15.32
84569,-3661,12.35,156.00,-598.21,-14.75
84594,-3661,12.35,175.00,-598.57,-14.75
84619,-3661,12.35,176.00,-598.96,-15.32
84644,-3661,12.35,159.00,-599.33,-14.75
84669,-3661,12.35,179.00,-599.71,-15.32
84694,-3661,12.35,181.00,-600.08,-14.75
84719,-3661,12.35,170.00,-600.45,-14.70
84744,-3661,12.35,177.00,-600.83,-15.32
84769,-3661,12.35,167.00,-601.20,-14.75
84794,-3661,12.35,162.00,-601.58,-15.37
84819,-3551,12.35,169.00,-601.95,-14.70
84844,-3551,12.35,130.00,-602.33,-15.26
84869,-3551,12.35,110.00,-602.69,-14.59
84894,-3551,12.35,126.00,-603.06,-14.47
84919,-3551,12.35,139.00,-603.43,-15.03
84944,-3551,12.35,157.00,-603.79,-14.36
84969,-3551,12.35,156.00,-604.17,-14.98
84994,-3551,12.35,147.00,-604.53,-14.36
85019,-3551,12.35,170.00,-604.88,-14.31
85044,-3551,12.35,160.00,-605.26,-14.92
85069,-3551,12.35,158.00,-605.61,-14.31
85094,-3551,12.35,161.00,-605.99,-14.87
85119,-3551,12.35,161.00,-606.34,-14.31
85144,-3551,12.35,161.00,-606.71,-14.87
85169,-3551,12.35,177.00,-607.07,-14.31
85194,-3551,12.35,155.00,-607.43,-14.25
85219,-3551,12.35,169.00,-607.80,-14.87
85244,-3551,12.35,153.00,-608.16,-14.31
85269,-3551,12.35,166.00,-608.53,-14.92
85294,-3551,12.35,154.00,-608.89,-14.31
85319,-3551,12.35,166.00,-609.25,-14.31
85344,-3551,12.35,160.00,-609.62,-14.87
85369,-3551,12.35,166.00,-609.98,-14.31
85394,-3551,12.35,178.00,-610.35,-14.87
85419,-3551,12.35,164.00,-610.70,-14.31
85444,-3551,12.35,163.00,-611.06,-14.31
85469,-3551,12.35,158.00,-611.44,-14.92
85494,-3551,12.35,166.00,-611.79,-14.25
85519,-3551,12.35,163.00,-612.16,-14.87
85544,-3551,12.35,170.00,-612.52,-14.31
85569,-3551,12.35,159.00,-612.89,-14.87
85594,-3551,12.35,168.00,-613.25,-14.25
85619,-3551,12.35,160.00,-613.61,-14.31
85644,-3551,12.35,164.00,-613.98,-14.87
85669,-3551,12.35,172.00,-614.34,-14.31
85694,-3551,12.35,172.00,-614.71,-14.92
85719,-3551,12.35,170.00,-615.06,-14.25
85744,-3551,12.35,174.00,-615.42,-14.31
85769,-3551,12.35,147.00,-615.80,-14.92
85794,-3551,12.35,179.00,-616.15,-14.31
85819,-3427,12.35,155.00,-616.52,-14.87
85844,-3427,12.35,104.00,-616.88,-14.25
85869,-3427,12.35,128.00,-617.25,-14.64
85894,-3427,12.35,129.00,-617.60,-13.97
85919,-3427,12.35,136.00,-617.94,-13.91
85944,-3427,12.35,155.00,-618.31,-14.47
85969,-3427,12.35,140.00,-618.65,-13.86
85994,-3427,12.35,142.00,-619.01,-14.42
86019,-3427,12.35,153.00,-619.36,-13.80
86044,-3427,12.35,169.00,-619.70,-13.80
86069,-3427,12.35,173.00,-620.06,-14.36
86094,-3427,12.35,183.00,-620.41,-13.74
86119,-3427,12.35,160.00,-620.76,-14.36
86144,-3427,12.35,176.00,-621.11,-13.80
86169,-3427,12.35,181.00,-621.45,-13.80
86194,-3427,12.35,139.00,-621.81,-14.36
86219,-3427,12.35,141.00,-622.16,-13.74
86244,-3427,12.35,147.00,-622.52,-14.36
86269,-3427,12.35,149.00,-622.86,-13.80
86294,-3427,12.35,157.00,-623.22,-14.31
86319,-3427,12.35,173.00,-623.56,-13.74
86344,-3427,12.35,174.00,-623.91,-13.74
86369,-3427,12.35,172.00,-624.26,-14.31
86394,-3427,12.35,172.00,-624.61,-13.74
86419,-3427,12.35,160.00,-624.97,-14.31
86444,-3427,12.35,175.00,-625.31,-13.74
86469,-3427,12.35,176.00,-625.65,-13.74
86494,-3427,12.35,175.00,-626.01,-14.31
86519,-3427,12.35,166.00,-626.35,-13.69
86544,-3427,12.35,156.00,-626.71,-14.36
86569,-3427,12.35,155.00,-627.05,-13.74
86594,-3427,12.35,156.00,-627.41,-14.31
86619,-3427,12.35,157.00,-627.76,-13.74
86644,-3427,12.35,153.00,-628.10,-13.74
86669,-3427,12.35,177.00,-628.46,-14.31
86694,-3427,12.35,182.00,-628.80,-13.80
86719,-3427,12.35,160.00,-629.16,-14.31
86744,-3427,12.35,168.00,-629.50,-13.74
86769,-3427,12.35,165.00,-629.85,-13.69
86794,-3427,12.35,171.00,-630.20,-14.31
86819,-3290,12.35,179.00,-630.55,-13.74
86844,-3290,12.35,82.00,-630.90,-14.25
86869,-3290,12.35,110.00,-631.24,-13.46
86894,-3290,12.35,135.00,-631.59,-13.97
86919,-3290,12.35,163.00,-631.92,-13.35
86944,-3290,12.35,151.00,-632.26,-13.30
86969,-3290,12.35,141.00,-632.60,-13.80
86994,-3290,12.35,170.00,-632.93,-13.24
87019,-3290,12.35,153.00,-633.28,-13.80
87044,-3290,12.35,155.00,-633.61,-13.18
87069,-3290,12.35,140.00,-633.94,-13.24
87094,-3290,12.35,162.00,-634.28,-13.74
87119,-3290,12.35,149.00,-634.61,-13.24
87144,-3290,12.35,151.00,-634.96,-13.74
87169,-3290,12.35,132.00,-635.29,-13.24
87194,-3290,12.35,154.00,-635.62,-13.24
87219,-3290,12.35,131.00,-635.96,-13.74
87244,-3290,12.35,155.00,-636.29,-13.18
87269,-3290,12.35,154.00,-636.63,-13.74
87294,-3290,12.35,177.00,-636.96,-13.24
87319,-3290,12.35,152.00,-637.31,-13.74
87344,-3290,12.35,173.00,-637.64,-13.18
87369,-3290,12.35,163.00,-637.97,-13.18
87394,-3290,12.35,156.00,-638.31,-13.74
87419,-3290,12.35,185.00,-638.64,-13.18
87444,-3290,12.35,158.00,-638.98,-13.74
87469,-3290,12.35,187.00,-639.32,-13.24
87494,-3290,12.35,158.00,-639.65,-13.24
87519,-3290,12.35,189.00,-639.99,-13.74
87544,-3290,12.35,155.00,-640.32,-13.18
87569,-3290,12.35,175.00,-640.66,-13.74
87594,-3290,12.35,149.00,-640.99,-13.24
87619,-3290,12.35,163.00,-641.34,-13.74
87644,-3290,12.35,140.00,-641.67,-13.24
87669,-3290,12.35,170.00,-642.00,-13.18
87694,-3290,12.35,144.00,-642.34,-13.80
87719,-3290,12.35,181.00,-642.67,-13.18
87744,-3290,12.35,151.00,-643.02,-13.74
87769,-3290,12.35,170.00,-643.35,-13.24
87794,-3290,12.35,144.00,-643.68,-13.18
87819,-3140,12.35,161.00,-644.02,-13.74
87844,-3140,12.35,93.00,-644.35,-13.13
87869,-3140,12.35,114.00,-644.69,-13.46
87894,-3140,12.35,104.00,-645.01,-12.85
87919,-3140,12.35,125.00,-645.33,-12.73
87944,-3140,12.35,155.00,-645.66,-13.24
87969,-3140,12.35,123.00,-645.97,-12.68
87994,-3140,12.35,152.00,-646.30,-13.18
88019,-3140,12.35,131.00,-646.62,-12.62
88044,-3140,12.35,156.00,-646.95,-13.18
88069,-3140,12.35,138.00,-647.26,-12.62
88094,-3140,12.35,151.00,-647.58,-12.62
88119,-3140,12.35,139.00,-647.91,-13.07
88144,-3140,12.35,149.00,-648.22,-12.62
88169,-3140,12.35,169.00,-648.55,-13.13
88194,-3140,12.35,165.00,-648.86,-12.57
88219,-3140,12.35,131.00,-649.18,-12.62
88244,-3140,12.35,130.00,-649.51,-13.07
88269,-3140,12.35,167.00,-649.82,-12.62
88294,-3140,12.35,172.00,-650.15,-13.07
88319,-3140,12.35,144.00,-650.46,-12.62
88344,-3140,12.35,155.00,-650.79,-13.07
88369,-3140,12.35,167.00,-651.10,-12.57
88394,-3140,12.35,168.00,-651.42,-12.57
88419,-3140,12.35,141.00,-651.75,-13.13
88444,-3140,12.35,146.00,-652.06,-12.57
88469,-3140,12.35,150.00,-652.39,-13.13
88494,-3140,12.35,174.00,-652.71,-12.62
88519,-3140,12.35,163.00,-653.02,-12.57
88544,-3140,12.35,162.00,-653.35,-13.13
88569,-3140,12.35,121.00,-653.66,-12.57
88594,-3140,12.35,128.00,-653.99,-13.13
88619,-3140,12.35,158.00,-654.31,-12.62
88644,-3140,12.35,172.00,-654.62,-12.57
88669,-3140,12.35,143.00,-654.95,-13.13
88694,-3140,12.35,154.00,-655.26,-12.62
88719,-3140,12.35,173.00,-655.59,-13.07
88744,-3140,12.35,182.00,-655.91,-12.62
88769,-3140,12.35,140.00,-656.23,-13.07
88794,-3140,12.35,154.00,-656.55,-12.62
88819,-2976,12.35,158.00,-656.86,-12.57
88844,-2976,12.35,54.00,-657.19,-12.96
88869,-2976,12.35,110.00,-657.49,-12.29
88894,-2976,12.35,121.00,-657.81,-12.68
88919,-2976,12.35,139.00,-658.11,-12.06
88944,-2976,12.35,163.00,-658.41,-12.06
88969,-2976,12.35,152.00,-658.72,-12.45
88994,-2976,12.35,128.00,-659.02,-12.01
89019,-2976,12.35,117.00,-659.34,-12.45
89044,-2976,12.35,152.00,-659.63,-11.95
89069,-2976,12.35,127.00,-659.94,-12.40
89094,-2976,12.35,179.00,-660.24,-11.95
89119,-2976,12.35,147.00,-660.54,-11.95
89144,-2976,12.35,159.00,-660.85,-12.40
89169,-2976,12.35,159.00,-661.15,-11.95
89194,-2976,12.35,134.00,-661.46,-12.40
89219,-2976,12.35,159.00,-661.76,-11.95
89244,-2976,12.35,160.00,-662.06,-11.95
89269,-2976,12.35,152.00,-662.37,-12.34
89294,-2976,12.35,153.00,-662.67,-11.95
89319,-2976,12.35,148.00,-662.98,-12.40
89344,-2976,12.35,142.00,-663.27,-11.89
89369,-2976,12.35,137.00,-663.57,-11.89
89394,-2976,12.35,157.00,-663.88,-12.40
89419,-2976,12.35,129.00,-664.18,-11.95
89444,-2976,12.35,175.00,-664.49,-12.40
89469,-2976,12.35,169.00,-664.79,-11.89
89494,-2976,12.35,153.00,-665.10,-12.45
89519,-2976,12.35,169.00,-665.40,-11.95
89544,-2976,12.35,141.00,-665.69,-11.89
89569,-2976,12.35,176.00,-666.01,-12.45
89594,-2976,12.35,106.00,-666.30,-11.89
89619,-2976,12.35,180.00,-666.61,-12.45
89644,-2976,12.35,122.00,-666.91,-11.89
89669,-2976,12.35,187.00,-667.21,-11.95
89694,-2976,12.35,132.00,-667.52,-12.40
89719,-2976,12.35,176.00,-667.82,-11.95
89744,-2976,12.35,137.00,-668.13,-12.40
89769,-2976,12.35,164.00,-668.43,-11.95
89794,-2976,12.35,156.00,-668.74,-12.40
89819,-2799,12.35,132.00,-669.04,-11.95
89844,-2799,12.35,36.00,-669.33,-11.78
89869,-2799,12.35,98.00,-669.63,-12.06
89894,-2799,12.35,79.00,-669.92,-11.50
89919,-2799,12.35,146.00,-670.22,-11.84
89944,-2799,12.35,134.00,-670.50,-11.28
89969,-2799,12.35,137.00,-670.78,-11.33
89994,-2799,12.35,131.00,-671.07,-11.72
90019,-2799,12.35,164.00,-671.35,-11.22
90044,-2799,12.35,111.00,-671.65,-11.72
90069,-2799,12.35,123.00,-671.93,-11.22
90094,-2799,12.35,131.00,-672.22,-11.61
90119,-2799,12.35,125.00,-672.50,-11.11
90144,-2799,12.35,190.00,-672.77,-11.11
90169,-2799,12.35,190.00,-673.06,-11.61
90194,-2799,12.35,109.00,-673.34,-11.22
90219,-2799,12.35,100.00,-673.63,-11.61
90244,-2799,12.35,155.00,-673.91,-11.11
90269,-2799,12.35,165.00,-674.19,-11.22
90294,-2799,12.35,132.00,-674.48,-11.61
90319,-2799,12.35,138.00,-674.76,-11.16
90344,-2799,12.35,161.00,-675.05,-11.61
90369,-2799,12.35,136.00,-675.33,-11.16
90394,-2799,12.35,145.00,-675.61,-11.16
90419,-2799,12.35,145.00,-675.90,-11.61
90444,-2799,12.35,134.00,-676.18,-11.16
90469,-2799,12.35,139.00,-676.47,-11.61
90494,-2799,12.35,152.00,-676.75,-11.16
90519,-2799,12.35,160.00,-677.04,-11.61
90544,-2799,12.35,150.00,-677.32,-11.16
90569,-2799,12.35,152.00,-677.60,-11.16
90594,-2799,12.35,147.00,-677.89,-11.61
90619,-2799,12.35,141.00,-678.17,-11.16
90644,-2799,12.35,133.00,-678.46,-11.61
90669,-2799,12.35,134.00,-678.74,-11.16
90694,-2799,12.35,146.00,-679.02,-11.16
90719,-2799,12.35,139.00,-679.31,-11.61
90744,-2799,12.35,135.00,-679.59,-11.16
90769,-2799,12.35,142.00,-679.88,-11.61
90794,-2799,12.35,147.00,-680.15,-11.16
90819,-2610,12.35,155.00,-680.45,-11.61
90844,-2610,12.35,78.00,-680.72,-11.05
90869,-2610,12.35,83.00,-680.99,-10.88
90894,-2610,12.35,109.00,-681.27,-11.16
90919,-2610,12.35,129.00,-681.54,-10.66
90944,-2610,12.35,139.00,-681.81,-11.00
90969,-2610,12.35,166.00,-682.08,-10.49
90994,-2610,12.35,150.00,-682.34,-10.49
91019,-2610,12.35,99.00,-682.61,-10.88
91044,-2610,12.35,117.00,-682.87,-10.49
91069,-2610,12.35,180.00,-683.14,-10.83
91094,-2610,12.35,126.00,-683.40,-10.43
91119,-2610,12.35,155.00,-683.67,-10.43
91144,-2610,12.35,156.00,-683.94,-10.88
91169,-2610,12.35,98.00,-684.20,-10.43
91194,-2610,12.35,163.00,-684.47,-10.88
91219,-2610,12.35,119.00,-684.73,-10.43
91244,-2610,12.35,112.00,-685.00,-10.88
91269,-2610,12.35,173.00,-685.26,-10.43
91294,-2610,12.35,103.00,-685.53,-10.43
91319,-2610,12.35,148.00,-685.80,-10.88
91344,-2610,12.35,165.00,-686.06,-10.49
91369,-2610,12.35,128.00,-686.33,-10.83
91394,-2610,12.35,176.00,-686.59,-10.43
91419,-2610,12.35,107.00,-686.85,-10.43
91444,-2610,12.35,116.00,-687.12,-10.88
91469,-2610,12.35,172.00,-687.38,-10.38
91494,-2610,12.35,115.00,-687.66,-10.88
91519,-2610,12.35,173.00,-687.91,-10.38
91544,-2610,12.35,123.00,-688.19,-10.88
91569,-2610,12.35,160.00,-688.45,-10.43
91594,-2610,12.35,130.00,-688.71,-10.43
91619,-2610,12.35,148.00,-688.98,-10.83
91644,-2610,12.35,132.00,-689.24,-10.43
91669,-2610,12.35,112.00,-689.51,-10.83
91694,-2610,12.35,172.00,-689.77,-10.43
91719,-2610,12.35,101.00,-690.03,-10.43
91744,-2610,12.35,170.00,-690.30,-10.88
91769,-2610,12.35,145.00,-690.57,-10.43
91794,-2610,12.35,121.00,-690.84,-10.88
91819,-2408,12.35,128.00,-691.10,-10.43
91844,-2408,12.35,31.00,-691.36,-10.32
91869,-2408,12.35,68.00,-691.62,-10.43
91894,-2408,12.35,70.00,-691.87,-9.93
91919,-2408,12.35,86.00,-692.12,-10.21
91944,-2408,12.35,107.00,-692.36,-9.76
91969,-2408,12.35,137.00,-692.62,-10.10
91994,-2408,12.35,137.00,-692.86,-9.65
92019,-2408,12.35,116.00,-693.10,-9.59
92044,-2408,12.35,121.00,-693.35,-9.99
92069,-2408,12.35,110.00,-693.59,-9.59
92094,-2408,12.35,122.00,-693.84,-9.93
92119,-2408,12.35,124.00,-694.07,-9.54
92144,-2408,12.35,131.00,-694.31,-9.54
92169,-2408,12.35,138.00,-694.56,-9.93
92194,-2408,12.35,152.00,-694.80,-9.54
92219,-2408,12.35,140.00,-695.05,-9.99
92244,-2408,12.35,131.00,-695.29,-9.59
92269,-2408,12.35,123.00,-695.54,-9.99
92294,-2408,12.35,123.00,-695.78,-9.59
92319,-2408,12.35,121.00,-696.02,-9.54
92344,-2408,12.35,128.00,-696.27,-9.93
92369,-2408,12.35,130.00,-696.50,-9.54
92394,-2408,12.35,130.00,-696.75,-9.99
92419,-2408,12.35,140.00,-696.99,-9.59
92444,-2408,12.35,135.00,-697.23,-9.54
92469,-2408,12.35,126.00,-697.48,-9.99
92494,-2408,12.35,133.00,-697.72,-9.54
92519,-2408,12.35,135.00,-697.97,-9.99
92544,-2408,12.35,109.00,-698.21,-9.54
92569,-2408,12.35,146.00,-698.45,-9.54
92594,-2408,12.35,141.00,-698.70,-9.99
92619,-2408,12.35,136.00,-698.94,-9.59
92644,-2408,12.35,128.00,-699.18,-9.93
92669,-2408,12.35,121.00,-699.42,-9.59
92694,-2408,12.35,129.00,-699.67,-9.93
92719,-2408,12.35,131.00,-699.91,-9.54
92744,-2408,12.35,129.00,-700.15,-9.59
92769,-2408,12.35,138.00,-700.40,-9.99
92794,-2408,12.35,142.00,-700.64,-9.54
92819,-2193,12.35,129.00,-700.89,-9.99
92844,-2193,12.35,52.00,-701.12,-9.37
92869,-2193,12.35,88.00,-701.35,-9.20
92894,-2193,12.35,90.00,-701.59,-9.37
92919,-2193,12.35,91.00,-701.81,-8.92
92944,-2193,12.35,103.00,-702.04,-9.20
92969,-2193,12.35,119.00,-702.26,-8.81
92994,-2193,12.35,116.00,-702.49,-9.14
93019,-2193,12.35,101.00,-702.71,-8.75
93044,-2193,12.35,128.00,-702.92,-8.70
93069,-2193,12.35,110.00,-703.15,-9.09
93094,-2193,12.35,123.00,-703.37,-8.75
93119,-2193,12.35,112.00,-703.60,-9.09
93144,-2193,12.35,126.00,-703.81,-8.70
93169,-2193,12.35,127.00,-704.03,-8.70
93194,-2193,12.35,91.00,-704.26,-9.09
93219,-2193,12.35,119.00,-704.48,-8.75
93244,-2193,12.35,109.00,-704.71,-9.09
93269,-2193,12.35,139.00,-704.92,-8.70
93294,-2193,12.35,116.00,-705.15,-9.09
93319,-2193,12.35,110.00,-705.37,-8.70
93344,-2193,12.35,116.00,-705.58,-8.70
93369,-2193,12.35,118.00,-705.81,-9.09
93394,-2193,12.35,146.00,-706.03,-8.70
93419,-2193,12.35,137.00,-706.26,-9.09
93444,-2193,12.35,133.00,-706.47,-8.70
93469,-2193,12.35,129.00,-706.69,-8.70
93494,-2193,12.35,116.00,-706.92,-9.03
93519,-2193,12.35,109.00,-707.14,-8.75
93544,-2193,12.35,127.00,-707.36,-9.03
93569,-2193,12.35,92.00,-707.58,-8.70
93594,-2193,12.35,118.00,-707.80,-8.70
93619,-2193,12.35,103.00,-708.02,-9.09
93644,-2193,12.35,130.00,-708.24,-8.75
93669,-2193,12.35,114.00,-708.47,-9.03
93694,-2193,12.35,117.00,-708.69,-8.70
93719,-2193,12.35,114.00,-708.91,-9.09
93744,-2193,12.35,112.00,-709.13,-8.75
93769,-2193,12.35,125.00,-709.35,-8.70
93794,-2193,12.35,132.00,-709.58,-9.09
93819,-1968,12.35,95.00,-709.80,-8.75
93844,-1968,12.35,25.00,-710.02,-8.92
93869,-1968,12.35,62.00,-710.22,-8.25
93894,-1968,12.35,73.00,-710.43,-8.08
93919,-1968,12.35,69.00,-710.64,-8.36
93944,-1968,12.35,97.00,-710.83,-7.91
93969,-1968,12.35,92.00,-711.04,-8.19
93994,-1968,12.35,87.00,-711.23,-7.85
94019,-1968,12.35,134.00,-711.44,-8.13
94044,-1968,12.35,96.00,-711.63,-7.80
94069,-1968,12.35,100.00,-711.83,-7.74
94094,-1968,12.35,120.00,-712.03,-8.13
94119,-1968,12.35,117.00,-712.22,-7.80
94144,-1968,12.35,91.00,-712.43,-8.08
94169,-1968,12.35,106.00,-712.62,-7.80
94194,-1968,12.35,134.00,-712.82,-7.80
94219,-1968,12.35,85.00,-713.02,-8.08
94244,-1968,12.35,106.00,-713.21,-7.80
94269,-1968,12.35,133.00,-713.42,-8.08
94294,-1968,12.35,108.00,-713.61,-7.80
94319,-1968,12.35,101.00,-713.80,-7.74
94344,-1968,12.35,128.00,-714.01,-8.13
94369,-1968,12.35,106.00,-714.20,-7.74
94394,-1968,12.35,126.00,-714.40,-8.13
94419,-1968,12.35,115.00,-714.60,-7.80
94444,-1968,12.35,101.00,-714.80,-8.08
94469,-1968,12.35,101.00,-715.00,-7.80
94494,-1968,12.35,124.00,-715.19,-7.80
94519,-1968,12.35,122.00,-715.39,-8.13
94544,-1968,12.35,98.00,-715.59,-7.80
94569,-1968,12.35,96.00,-715.79,-8.08
94594,-1968,12.35,121.00,-715.99,-7.80
94619,-1968,12.35,126.00,-716.18,-7.80
94644,-1968,12.35,101.00,-716.38,-8.13
94669,-1968,12.35,94.00,-716.58,-7.80
94694,-1968,12.35,122.00,-716.78,-8.13
94719,-1968,12.35,151.00,-716.98,-7.74
94744,-1968,12.35,102.00,-717.18,-8.13
94769,-1968,12.35,140.00,-717.37,-7.80
94794,-1968,12.35,98.00,-717.57,-7.80
94819,-1731,12.35,91.00,-717.77,-8.08
94844,-1731,12.35,7.00,-717.96,-7.63
94869,-1731,12.35,70.00,-718.15,-7.57
94894,-1731,12.35,66.00,-718.33,-7.07
94919,-1731,12.35,79.00,-718.50,-7.01
94944,-1731,12.35,90.00,-718.68,-7.24
94969,-1731,12.35,101.00,-718.86,-6.90
94994,-1731,12.35,89.00,-719.03,-7.12
95019,-1731,12.35,94.00,-719.21,-6.84
95044,-1731,12.35,103.00,-719.38,-6.79
95069,-1731,12.35,112.00,-719.55,-7.12
95094,-1731,12.35,118.00,-719.72,-6.79
95119,-1731,12.35,88.00,-719.90,-7.12
95144,-1731,12.35,87.00,-720.07,-6.79
95169,-1731,12.35,96.00,-720.25,-7.12
95194,-1731,12.35,86.00,-720.42,-6.79
95219,-1731,12.35,86.00,-720.59,-6.84
95244,-1731,12.35,111.00,-720.77,-7.07
95269,-1731,12.35,112.00,-720.94,-6.84
95294,-1731,12.35,111.00,-721.11,-7.07
95319,-1731,12.35,100.00,-721.28,-6.79
95344,-1731,12.35,81.00,-721.46,-6.84
95369,-1731,12.35,81.00,-721.63,-7.07
95394,-1731,12.35,99.00,-721.80,-6.84
95419,-1731,12.35,87.00,-721.98,-7.07
95444,-1731,12.35,98.00,-722.15,-6.84
95469,-1731,12.35,123.00,-722.33,-7.07
95494,-1731,12.35,94.00,-722.50,-6.84
95519,-1731,12.35,92.00,-722.67,-6.84
95544,-1731,12.35,106.00,-722.85,-7.07
95569,-1731,12.35,99.00,-723.02,-6.84
95594,-1731,12.35,83.00,-723.19,-7.07
95619,-1731,12.35,87.00,-723.37,-6.84
95644,-1731,12.35,91.00,-723.54,-6.79
95669,-1731,12.35,94.00,-723.71,-7.12
95694,-1731,12.35,113.00,-723.88,-6.79
95719,-1731,12.35,106.00,-724.06,-7.07
95744,-1731,12.35,96.00,-724.23,-6.84
95769,-1731,12.35,104.00,-724.40,-6.79
95794,-1731,12.35,91.00,-724.58,-7.07
95819,-1484,12.35,87.00,-724.75,-6.84
95844,-1484,12.35,-3.00,-724.92,-6.84
95869,-1484,12.35,59.00,-725.08,-6.28
95894,-1484,12.35,70.00,-725.24,-6.40
95919,-1484,12.35,77.00,-725.39,-6.00
95944,-1484,12.35,65.00,-725.53,-5.89
95969,-1484,12.35,64.00,-725.69,-6.11
95994,-1484,12.35,77.00,-725.83,-5.89
96019,-1484,12.35,103.00,-725.99,-6.06
96044,-1484,12.35,69.00,-726.13,-5.78
96069,-1484,12.35,100.00,-726.28,-5.83
96094,-1484,12.35,89.00,-726.43,-6.06
96119,-1484,12.35,92.00,-726.57,-5.83
96144,-1484,12.35,91.00,-726.72,-6.06
96169,-1484,12.35,72.00,-726.87,-5.83
96194,-1484,12.35,86.00,-727.02,-6.06
96219,-1484,12.35,83.00,-727.17,-5.83
96244,-1484,12.35,88.00,-727.31,-5.78
96269,-1484,12.35,81.00,-727.47,-6.11
96294,-1484,12.35,90.00,-727.61,-5.83
96319,-1484,12.35,81.00,-727.76,-6.06
96344,-1484,12.35,87.00,-727.91,-5.83
96369,-1484,12.35,90.00,-728.05,-5.78
96394,-1484,12.35,65.00,-728.20,-6.06
96419,-1484,12.35,85.00,-728.35,-5.83
96444,-1484,12.35,84.00,-728.50,-6.06
96469,-1484,12.35,78.00,-728.65,-5.83
96494,-1484,12.35,102.00,-728.80,-6.06
96519,-1484,12.35,83.00,-728.94,-5.83
96544,-1484,12.35,81.00,-729.09,-5.83
96569,-1484,12.35,97.00,-729.24,-6.06
96594,-1484,12.35,72.00,-729.39,-5.78
96619,-1484,12.35,69.00,-729.54,-6.06
96644,-1484,12.35,86.00,-729.68,-5.83
96669,-1484,12.35,106.00,-729.83,-5.83
96694,-1484,12.35,75.00,-729.98,-6.06
96719,-1484,12.35,92.00,-730.13,-5.83
96744,-1484,12.35,88.00,-730.28,-6.06
96769,-1484,12.35,79.00,-730.42,-5.83
96794,-1484,12.35,91.00,-730.57,-5.78
96819,-1227,12.35,73.00,-730.72,-6.06
96844,-1227,12.35,-1.00,-730.86,-5.67
96869,-1227,12.35,16.00,-731.00,-5.44
96894,-1227,12.35,60.00,-731.13,-5.11
96919,-1227,12.35,72.00,-731.25,-5.11
96944,-1227,12.35,63.00,-731.38,-4.88
96969,-1227,12.35,67.00,-731.50,-4.82
96994,-1227,12.35,78.00,-731.62,-4.99
97019,-1227,12.35,70.00,-731.74,-4.77
97044,-1227,12.35,82.00,-731.86,-4.99
97069,-1227,12.35,75.00,-731.98,-4.77
97094,-1227,12.35,75.00,-732.10,-4.77
97119,-1227,12.35,76.00,-732.23,-4.99
97144,-1227,12.35,60.00,-732.35,-4.77
97169,-1227,12.35,69.00,-732.47,-4.99
97194,-1227,12.35,73.00,-732.59,-4.77
97219,-1227,12.35,61.00,-732.72,-4.99
97244,-1227,12.35,74.00,-732.84,-4.77
97269,-1227,12.35,77.00,-732.96,-4.82
97294,-1227,12.35,66.00,-733.08,-4.99
97319,-1227,12.35,78.00,-733.20,-4.77
97344,-1227,12.35,74.00,-733.32,-4.99
97369,-1227,12.35,64.00,-733.44,-4.77
97394,-1227,12.35,72.00,-733.56,-4.77
97419,-1227,12.35,70.00,-733.69,-4.99
97444,-1227,12.35,59.00,-733.81,-4.82
97469,-1227,12.35,73.00,-733.93,-4.94
97494,-1227,12.35,75.00,-734.05,-4.77
97519,-1227,12.35,62.00,-734.17,-4.82
97544,-1227,12.35,69.00,-734.30,-4.99
97569,-1227,12.35,65.00,-734.42,-4.77
97594,-1227,12.35,65.00,-734.54,-4.99
97619,-1227,12.35,72.00,-734.66,-4.77
97644,-1227,12.35,72.00,-734.78,-4.99
97669,-1227,12.35,73.00,-734.90,-4.77
97694,-1227,12.35,77.00,-735.02,-4.77
97719,-1227,12.35,63.00,-735.15,-4.99
97744,-1227,12.35,71.00,-735.27,-4.77
97769,-1227,12.35,68.00,-735.39,-4.99
97794,-1227,12.35,62.00,-735.51,-4.77
97819,-962,12.35,67.00,-735.63,-4.77
97844,-962,12.35,6.00,-735.75,-4.77
97869,-962,12.35,26.00,-735.85,-4.21
97894,-962,12.35,46.00,-735.96,-4.15
97919,-962,12.35,47.00,-736.06,-3.87
97944,-962,12.35,47.00,-736.15,-3.93
97969,-962,12.35,45.00,-736.25,-3.76
97994,-962,12.35,47.00,-736.34,-3.76
98019,-962,12.35,51.00,-736.44,-3.81
98044,-962,12.35,55.00,-736.53,-3.70
98069,-962,12.35,58.00,-736.63,-3.81
98094,-962,12.35,61.00,-736.72,-3.70
98119,-962,12.35,61.00,-736.81,-3.65
98144,-962,12.35,59.00,-736.91,-3.87
98169,-962,12.35,60.00,-737.00,-3.65
98194,-962,12.35,57.00,-737.09,-3.81
98219,-962,12.35,59.00,-737.18,-3.70
98244,-962,12.35,58.00,-737.28,-3.70
98269,-962,12.35,58.00,-737.37,-3.81
98294,-962,12.35,64.00,-737.46,-3.65
98319,-962,12.35,54.00,-737.56,-3.81
98344,-962,12.35,57.00,-737.65,-3.70
98369,-962,12.35,52.00,-737.75,-3.81
98394,-962,12.35,60.00,-737.84,-3.65
98419,-962,12.35,53.00,-737.93,-3.70
98444,-962,12.35,58.00,-738.03,-3.81
98469,-962,12.35,59.00,-738.12,-3.65
98494,-962,12.35,55.00,-738.21,-3.81
98519,-962,12.35,55.00,-738.30,-3.65
98544,-962,12.35,60.00,-738.40,-3.70
98569,-962,12.35,58.00,-738.49,-3.81
98594,-962,12.35,58.00,-738.58,-3.65
98619,-962,12.35,63.00,-738.68,-3.81
98644,-962,12.35,60.00,-738.77,-3.70
98669,-962,12.35,62.00,-738.87,-3.81
98694,-962,12.35,66.00,-738.96,-3.65
98719,-962,12.35,64.00,-739.05,-3.70
98744,-962,12.35,62.00,-739.15,-3.81
98769,-962,12.35,57.00,-739.24,-3.70
98794,-962,12.35,52.00,-739.33,-3.81
98819,-690,12.35,48.00,-739.42,-3.65
98844,-690,12.35,8.00,-739.51,-3.48
98869,-690,12.35,23.00,-739.59,-3.20
98894,-690,12.35,32.00,-739.66,-2.80
98919,-690,12.35,28.00,-739.73,-2.86
98944,-690,12.35,43.00,-739.80,-2.69
98969,-690,12.35,37.00,-739.87,-2.64
98994,-690,12.35,44.00,-739.93,-2.69
99019,-690,12.35,45.00,-740.00,-2.58
99044,-690,12.35,35.00,-740.07,-2.69
99069,-690,12.35,35.00,-740.13,-2.58
99094,-690,12.35,45.00,-740.20,-2.69
99119,-690,12.35,47.00,-740.26,-2.58
99144,-690,12.35,40.00,-740.33,-2.58
99169,-690,12.35,47.00,-740.39,-2.69
99194,-690,12.35,38.00,-740.46,-2.58
99219,-690,12.35,42.00,-740.52,-2.64
99244,-690,12.35,49.00,-740.59,-2.58
99269,-690,12.35,41.00,-740.65,-2.58
99294,-690,12.35,35.00,-740.72,-2.69
99319,-690,12.35,46.00,-740.78,-2.58
99344,-690,12.35,44.00,-740.85,-2.69
99369,-690,12.35,38.00,-740.92,-2.58
99394,-690,12.35,42.00,-740.98,-2.64
99419,-690,12.35,48.00,-741.05,-2.58
99444,-690,12.35,39.00,-741.11,-2.58
99469,-690,12.35,31.00,-741.18,-2.69
99494,-690,12.35,46.00,-741.24,-2.58
99519,-690,12.35,50.00,-741.31,-2.69
99544,-690,12.35,40.00,-741.37,-2.52
99569,-690,12.35,45.00,-741.44,-2.58
99594,-690,12.35,39.00,-741.51,-2.69
99619,-690,12.35,42.00,-741.57,-2.58
99644,-690,12.35,50.00,-741.64,-2.69
99669,-690,12.35,45.00,-741.70,-2.58
99694,-690,12.35,36.00,-741.77,-2.69
99719,-690,12.35,42.00,-741.83,-2.52
99744,-690,12.35,45.00,-741.90,-2.58
99769,-690,12.35,40.00,-741.96,-2.69
99794,-690,12.35,39.00,-742.03,-2.58
99819,-411,12.35,49.00,-742.10,-2.69
99844,-411,12.35,5.00,-742.15,-2.30
99869,-411,12.35,14.00,-742.20,-1.91
99894,-411,12.35,20.00,-742.24,-1.74
99919,-411,12.35,27.00,-742.29,-1.63
99944,-411,12.35,22.00,-742.32,-1.57
99969,-411,12.35,25.00,-742.36,-1.46
99994,-411,12.35,28.00,-742.40,-1.51
100019,-411,12.35,26.00,-742.44,-1.46
100044,-411,12.35,33.00,-742.47,-1.46
100069,-411,12.35,23.00,-742.51,-1.46
100094,-411,12.35,26.00,-742.54,-1.46
100119,-411,12.35,29.00,-742.58,-1.51
100144,-411,12.35,25.00,-742.62,-1.40
100169,-411,12.35,31.00,-742.65,-1.46
100194,-411,12.35,24.00,-742.69,-1.46
100219,-411,12.35,23.00,-742.73,-1.46
100244,-411,12.35,33.00,-742.76,-1.46
100269,-411,12.35,26.00,-742.80,-1.46
100294,-411,12.35,33.00,-742.84,-1.40
100319,-411,12.35,32.00,-742.87,-1.51
100344,-411,12.35,25.00,-742.91,-1.40
100369,-411,12.35,26.00,-742.95,-1.51
100394,-411,12.35,30.00,-742.98,-1.46
100419,-411,12.35,23.00,-743.02,-1.46
100444,-411,12.35,33.00,-743.06,-1.46
100469,-411,12.35,29.00,-743.09,-1.40
100494,-411,12.35,26.00,-743.13,-1.51
100519,-411,12.35,32.00,-743.16,-1.40
100544,-411,12.35,23.00,-743.20,-1.51
100569,-411,12.35,26.00,-743.24,-1.40
100594,-411,12.35,30.00,-743.27,-1.46
100619,-411,12.35,25.00,-743.31,-1.46
100644,-411,12.35,32.00,-743.35,-1.46
100669,-411,12.35,33.00,-743.38,-1.46
100694,-411,12.35,25.00,-743.42,-1.46
100719,-411,12.35,32.00,-743.45,-1.40
100744,-411,12.35,28.00,-743.49,-1.51
100769,-411,12.35,22.00,-743.53,-1.40
100794,-411,12.35,31.00,-743.56,-1.51
100819,-127,12.35,25.00,-743.60,-1.40
100844,-127,12.35,7.00,-743.63,-1.23
100869,-127,12.35,11.00,-743.65,-0.73
100894,-127,12.35,12.00,-743.66,-0.50
100919,-127,12.35,14.00,-743.67,-0.45
100944,-127,12.35,14.00,-743.68,-0.34
100969,-127,12.35,15.00,-743.69,-0.34
100994,-127,12.35,15.00,-743.70,-0.34
101019,-127,12.35,16.00,-743.70,-0.22
101044,-127,12.35,14.00,-743.71,-0.34
101069,-127,12.35,13.00,-743.72,-0.22
101094,-127,12.35,16.00,-743.72,-0.28
101119,-127,12.35,15.00,-743.73,-0.22
101144,-127,12.35,15.00,-743.74,-0.28
101169,-127,12.35,15.00,-743.74,-0.28
101194,-127,12.35,15.00,-743.75,-0.28
101219,-127,12.35,15.00,-743.76,-0.22
101244,-127,12.35,17.00,-743.76,-0.22
101269,-127,12.35,17.00,-743.77,-0.22
101294,-127,12.35,15.00,-743.77,-0.28
101319,-127,12.35,16.00,-743.78,-0.28
101344,-127,12.35,15.00,-743.79,-0.22
101369,-127,12.35,17.00,-743.79,-0.22
101394,-127,12.35,18.00,-743.80,-0.28
101419,-127,12.35,17.00,-743.80,-0.17
101444,-127,12.35,16.00,-743.81,-0.28
101469,-127,12.35,16.00,-743.82,-0.22
101494,-127,12.35,16.00,-743.82,-0.17
101519,-127,12.35,16.00,-743.83,-0.34
101544,-127,12.35,16.00,-743.84,-0.22
101569,-127,12.35,16.00,-743.84,-0.34
101594,-127,12.35,16.00,-743.85,-0.17
101619,-127,12.35,16.00,-743.85,-0.17
101644,-127,12.35,17.00,-743.86,-0.22
101669,-127,12.35,15.00,-743.86,-0.28
101694,-127,12.35,16.00,-743.87,-0.28
101719,-127,12.35,14.00,-743.88,-0.22
101744,-127,12.35,15.00,-743.88,-0.22
101769,-127,12.35,15.00,-743.89,-0.28
101794,-127,12.35,15.00,-743.89,-0.17
101819,161,12.35,17.00,-743.90,-0.28
101844,161,12.35,21.00,-743.90,0.00
101869,161,12.35,19.00,-743.89,0.28
101894,161,12.35,18.00,-743.89,0.28
101919,161,12.35,17.00,-743.88,0.34
101944,161,12.35,17.00,-743.87,0.39
101969,161,12.35,16.00,-743.86,0.34
101994,161,12.35,17.00,-743.85,0.39
102019,161,12.35,18.00,-743.84,0.39
102044,161,12.35,17.00,-743.83,0.39
102069,161,12.35,18.00,-743.82,0.39
102094,161,12.35,18.00,-743.81,0.39
102119,161,12.35,17.00,-743.80,0.39
102144,161,12.35,16.00,-743.79,0.39
102169,161,12.35,19.00,-743.78,0.39
102194,161,12.35,16.00,-743.77,0.39
102219,161,12.35,17.00,-743.76,0.39
102244,161,12.35,18.00,-743.75,0.39
102269,161,12.35,16.00,-743.74,0.39
102294,161,12.35,16.00,-743.73,0.39
102319,161,12.35,19.00,-743.72,0.39
102344,161,12.35,17.00,-743.71,0.39
102369,161,12.35,17.00,-743.70,0.39
102394,161,12.35,17.00,-743.69,0.39
102419,161,12.35,16.00,-743.68,0.39
102444,161,12.35,17.00,-743.67,0.39
102469,161,12.35,19.00,-743.67,0.34
102494,161,12.35,17.00,-743.65,0.45
102519,161,12.35,16.00,-743.64,0.39
102544,161,12.35,17.00,-743.64,0.34
102569,161,12.35,17.00,-743.62,0.45
102594,161,12.35,16.00,-743.61,0.39
102619,161,12.35,18.00,-743.61,0.34
102644,161,12.35,16.00,-743.60,0.45
102669,161,12.35,18.00,-743.59,0.34
102694,161,12.35,17.00,-743.58,0.39
102719,161,12.35,15.00,-743.57,0.39
102744,161,12.35,18.00,-743.56,0.39
102769,161,12.35,16.00,-743.55,0.34
102794,161,12.35,17.00,-743.54,0.45
102819,451,12.35,19.00,-743.53,0.39
102844,451,12.35,58.00,-743.51,0.67
102869,451,12.35,50.00,-743.48,1.07
102894,451,12.35,43.00,-743.45,1.35
102919,451,12.35,32.00,-743.42,1.40
102944,451,12.35,34.00,-743.38,1.51
102969,451,12.35,27.00,-743.34,1.57
102994,451,12.35,40.00,-743.30,1.57
103019,451,12.35,26.00,-743.26,1.63
103044,451,12.35,37.00,-743.22,1.57
103069,451,12.35,34.00,-743.18,1.57
103094,451,12.35,28.00,-743.14,1.68
103119,451,12.35,34.00,-743.10,1.57
103144,451,12.35,27.00,-743.06,1.63
103169,451,12.35,29.00,-743.02,1.57
103194,451,12.35,38.00,-742.98,1.63
103219,451,12.35,25.00,-742.94,1.63
103244,451,12.35,38.00,-742.90,1.57
103269,451,12.35,30.00,-742.86,1.63
103294,451,12.35,28.00,-742.82,1.63
103319,451,12.35,37.00,-742.78,1.63
103344,451,12.35,28.00,-742.74,1.57
103369,451,12.35,33.00,-742.70,1.57
103394,451,12.35,30.00,-742.66,1.68
103419,451,12.35,25.00,-742.62,1.57
103444,451,12.35,38.00,-742.58,1.63
103469,451,12.35,32.00,-742.54,1.57
103494,451,12.35,32.00,-742.50,1.57
103519,451,12.35,35.00,-742.46,1.63
103544,451,12.35,27.00,-742.42,1.57
103569,451,12.35,32.00,-742.38,1.68
103594,451,12.35,30.00,-742.34,1.57
103619,451,12.35,32.00,-742.30,1.63
103644,451,12.35,35.00,-742.26,1.57
103669,451,12.35,26.00,-742.22,1.57
103694,451,12.35,33.00,-742.18,1.63
103719,451,12.35,31.00,-742.14,1.63
103744,451,12.35,28.00,-742.09,1.63
103769,451,12.35,36.00,-742.06,1.57
103794,451,12.35,27.00,-742.02,1.57
103819,742,12.35,34.00,-741.98,1.63
103844,742,12.35,98.00,-741.93,1.85
103869,742,12.35,74.00,-741.87,2.36
103894,742,12.35,68.00,-741.81,2.47
103919,742,12.35,61.00,-741.74,2.58
103944,742,12.35,49.00,-741.67,2.80
103969,742,12.35,54.00,-741.61,2.75
103994,742,12.35,51.00,-741.53,2.86
104019,742,12.35,49.00,-741.46,2.75
104044,742,12.35,51.00,-741.39,2.86
104069,742,12.35,54.00,-741.32,2.80
104094,742,12.35,47.00,-741.25,2.75
104119,742,12.35,53.00,-741.18,2.92
104144,742,12.35,44.00,-741.11,2.80
104169,742,12.35,49.00,-741.04,2.86
104194,742,12.35,54.00,-740.97,2.80
104219,742,12.35,41.00,-740.90,2.80
104244,742,12.35,51.00,-740.83,2.92
104269,742,12.35,46.00,-740.76,2.75
104294,742,12.35,50.00,-740.69,2.92
104319,742,12.35,56.00,-740.62,2.80
104344,742,12.35,46.00,-740.54,2.92
104369,742,12.35,52.00,-740.47,2.80
104394,742,12.35,42.00,-740.40,2.75
104419,742,12.35,52.00,-740.33,2.92
104444,742,12.35,53.00,-740.26,2.80
104469,742,12.35,43.00,-740.19,2.92
104494,742,12.35,52.00,-740.12,2.80
104519,742,12.35,50.00,-740.05,2.75
104544,742,12.35,43.00,-739.98,2.92
104569,742,12.35,53.00,-739.91,2.80
104594,742,12.35,46.00,-739.83,2.92
104619,742,12.35,45.00,-739.76,2.80
104644,742,12.35,54.00,-739.69,2.75
104669,742,12.35,46.00,-739.62,2.92
104694,742,12.35,47.00,-739.55,2.80
104719,742,12.35,38.00,-739.48,2.86
104744,742,12.35,53.00,-739.41,2.80
104769,742,12.35,45.00,-739.34,2.92
104794,742,12.35,47.00,-739.27,2.80
104819,1033,12.35,48.00,-739.20,2.75
104844,1033,12.35,122.00,-739.12,3.20
104869,1033,12.35,115.00,-739.03,3.42
104894,1033,12.35,94.00,-738.93,3.87
104919,1033,12.35,80.00,-738.84,3.81
104944,1033,12.35,69.00,-738.74,3.87
104969,1033,12.35,67.00,-738.64,4.10
104994,1033,12.35,74.00,-738.54,3.98
105019,1033,12.35,56.00,-738.44,4.15
105044,1033,12.35,70.00,-738.34,3.98
105069,1033,12.35,75.00,-738.23,4.15
105094,1033,12.35,63.00,-738.13,4.04
105119,1033,12.35,64.00,-738.03,3.98
105144,1033,12.35,70.00,-737.93,4.21
105169,1033,12.35,60.00,-737.83,3.98
105194,1033,12.35,68.00,-737.72,4.21
105219,1033,12.35,68.00,-737.62,3.98
105244,1033,12.35,64.00,-737.52,4.04
105269,1033,12.35,66.00,-737.42,4.15
105294,1033,12.35,76.00,-737.32,4.04
105319,1033,12.35,66.00,-737.21,4.15
105344,1033,12.35,62.00,-737.11,4.04
105369,1033,12.35,69.00,-737.01,3.98
105394,1033,12.35,69.00,-736.91,4.21
105419,1033,12.35,66.00,-736.81,4.04
105444,1033,12.35,74.00,-736.70,4.15
105469,1033,12.35,65.00,-736.60,4.04
105494,1033,12.35,68.00,-736.50,4.15
105519,1033,12.35,60.00,-736.40,4.04
105544,1033,12.35,64.00,-736.30,3.98
105569,1033,12.35,68.00,-736.19,4.21
105594,1033,12.35,64.00,-736.09,3.98
105619,1033,12.35,65.00,-735.99,4.21
105644,1033,12.35,64.00,-735.89,3.98
105669,1033,12.35,68.00,-735.79,3.98
105694,1033,12.35,66.00,-735.68,4.21
105719,1033,12.35,74.00,-735.58,3.98
105744,1033,12.35,60.00,-735.48,4.21
105769,1033,12.35,68.00,-735.38,3.98
105794,1033,12.35,64.00,-735.27,4.21
105819,1321,12.35,70.00,-735.17,3.98
105844,1321,12.35,159.00,-735.07,4.26
105869,1321,12.35,143.00,-734.95,4.82
105894,1321,12.35,115.00,-734.83,4.88
105919,1321,12.35,95.00,-734.69,5.27
105944,1321,12.35,92.00,-734.57,5.11
105969,1321,12.35,90.00,-734.44,5.11
105994,1321,12.35,80.00,-734.30,5.44
106019,1321,12.35,89.00,-734.17,5.16
106044,1321,12.35,80.00,-734.04,5.44
106069,1321,12.35,80.00,-733.91,5.22
106094,1321,12.35,93.00,-733.77,5.44
106119,1321,12.35,81.00,-733.64,5.22
106144,1321,12.35,77.00,-733.51,5.22
106169,1321,12.35,72.00,-733.37,5.44
106194,1321,12.35,74.00,-733.24,5.27
106219,1321,12.35,78.00,-733.11,5.44
106244,1321,12.35,86.00,-732.98,5.22
106269,1321,12.35,88.00,-732.85,5.22
106294,1321,12.35,85.00,-732.71,5.44
106319,1321,12.35,85.00,-732.58,5.22
106344,1321,12.35,88.00,-732.44,5.44
106369,1321,12.35,68.00,-732.31,5.27
106394,1321,12.35,69.00,-732.18,5.22
106419,1321,12.35,85.00,-732.04,5.44
106444,1321,12.35,68.00,-731.91,5.22
106469,1321,12.35,86.00,-731.78,5.44
106494,1321,12.35,93.00,-731.65,5.22
106519,1321,12.35,75.00,-731.51,5.44
106544,1321,12.35,80.00,-731.38,5.22
106569,1321,12.35,82.00,-731.25,5.27
106594,1321,12.35,75.00,-731.11,5.44
106619,1321,12.35,79.00,-730.98,5.22
106644,1321,12.35,75.00,-730.85,5.44
106669,1321,12.35,79.00,-730.71,5.27
106694,1321,12.35,78.00,-730.58,5.22
106719,1321,12.35,91.00,-730.45,5.44
106744,1321,12.35,91.00,-730.32,5.22
106769,1321,12.35,74.00,-730.18,5.44
106794,1321,12.35,83.00,-730.05,5.22
106819,1605,12.35,84.00,-729.92,5.44
106844,1605,12.35,190.00,-729.78,5.50
106869,1605,12.35,156.00,-729.63,5.78
106894,1605,12.35,154.00,-729.48,6.34
106919,1605,12.35,127.00,-729.32,6.17
106944,1605,12.35,109.00,-729.16,6.56
106969,1605,12.35,103.00,-729.00,6.28
106994,1605,12.35,111.00,-728.84,6.34
107019,1605,12.35,107.00,-728.67,6.68
107044,1605,12.35,82.00,-728.51,6.40
107069,1605,12.35,91.00,-728.35,6.68
107094,1605,12.35,102.00,-728.19,6.40
107119,1605,12.35,105.00,-728.03,6.34
107144,1605,12.35,110.00,-727.86,6.62
107169,1605,12.35,96.00,-727.70,6.40
107194,1605,12.35,92.00,-727.54,6.68
107219,1605,12.35,87.00,-727.38,6.34
107244,1605,12.35,98.00,-727.21,6.62
107269,1605,12.35,105.00,-727.05,6.40
107294,1605,12.35,97.00,-726.89,6.40
107319,1605,12.35,87.00,-726.73,6.68
107344,1605,12.35,97.00,-726.57,6.34
107369,1605,12.35,108.00,-726.40,6.62
107394,1605,12.35,87.00,-726.24,6.40
107419,1605,12.35,93.00,-726.08,6.40
107444,1605,12.35,94.00,-725.92,6.62
107469,1605,12.35,102.00,-725.76,6.40
107494,1605,12.35,103.00,-725.59,6.62
107519,1605,12.35,101.00,-725.43,6.40
107544,1605,12.35,98.00,-725.27,6.62
107569,1605,12.35,97.00,-725.11,6.40
107594,1605,12.35,91.00,-724.95,6.40
107619,1605,12.35,101.00,-724.78,6.62
107644,1605,12.35,91.00,-724.62,6.40
107669,1605,12.35,104.00,-724.46,6.62
107694,1605,12.35,99.00,-724.30,6.40
107719,1605,12.35,100.00,-724.14,6.34
107744,1605,12.35,94.00,-723.97,6.68
107769,1605,12.35,103.00,-723.81,6.34
107794,1605,12.35,94.00,-723.64,6.68
107819,1882,12.35,90.00,-723.48,6.40
107844,1882,12.35,236.00,-723.32,6.56
107869,1882,12.35,189.00,-723.14,7.24
107894,1882,12.35,153.00,-722.96,7.24
107919,1882,12.35,156.00,-722.77,7.63
107944,1882,12.35,138.00,-722.58,7.46
107969,1882,12.35,122.00,-722.39,7.80
107994,1882,12.35,128.00,-722.20,7.57
108019,1882,12.35,100.00,-722.01,7.52
108044,1882,12.35,120.00,-721.81,7.91
108069,1882,12.35,132.00,-721.62,7.57
108094,1882,12.35,132.00,-721.42,7.91
108119,1882,12.35,95.00,-721.24,7.57
108144,1882,12.35,111.00,-721.04,7.63
108169,1882,12.35,127.00,-720.85,7.91
108194,1882,12.35,111.00,-720.66,7.57
108219,1882,12.35,120.00,-720.46,7.91
108244,1882,12.35,113.00,-720.27,7.63
108269,1882,12.35,116.00,-720.07,7.91
108294,1882,12.35,128.00,-719.88,7.57
108319,1882,12.35,125.00,-719.69,7.63
108344,1882,12.35,101.00,-719.49,7.91
108369,1882,12.35,97.00,-719.30,7.57
108394,1882,12.35,94.00,-719.11,7.91
108419,1882,12.35,101.00,-718.92,7.63
108444,1882,12.35,131.00,-718.72,7.63
108469,1882,12.35,131.00,-718.53,7.91
108494,1882,12.35,119.00,-718.34,7.57
108519,1882,12.35,129.00,-718.14,7.91
108544,1882,12.35,119.00,-717.95,7.57
108569,1882,12.35,111.00,-717.76,7.63
108594,1882,12.35,109.00,-717.56,7.91
108619,1882,12.35,102.00,-717.37,7.57
108644,1882,12.35,111.00,-717.18,7.91
108669,1882,12.35,128.00,-716.99,7.57
108694,1882,12.35,104.00,-716.79,7.91
108719,1882,12.35,108.00,-716.60,7.57
108744,1882,12.35,130.00,-716.41,7.63
108769,1882,12.35,111.00,-716.21,7.85
108794,1882,12.35,132.00,-716.02,7.63
108819,2152,12.35,111.00,-715.82,7.85
108844,2152,12.35,230.00,-715.63,7.85
108869,2152,12.35,223.00,-715.42,8.13
108894,2152,12.35,170.00,-715.21,8.70
108919,2152,12.35,161.00,-714.99,8.53
108944,2152,12.35,162.00,-714.77,8.92
108969,2152,12.35,152.00,-714.56,8.64
108994,2152,12.35,168.00,-714.33,9.09
109019,2152,12.35,136.00,-714.11,8.70
109044,2152,12.35,128.00,-713.89,8.75
109069,2152,12.35,92.00,-713.66,9.09
109094,2152,12.35,112.00,-713.45,8.75
109119,2152,12.35,106.00,-713.22,9.09
109144,2152,12.35,150.00,-713.00,8.75
109169,2152,12.35,149.00,-712.78,8.75
109194,2152,12.35,101.00,-712.55,9.09
109219,2152,12.35,96.00,-712.34,8.75
109244,2152,12.35,154.00,-712.11,9.14
109269,2152,12.35,131.00,-711.89,8.75
109294,2152,12.35,124.00,-711.66,9.09
109319,2152,12.35,110.00,-711.44,8.75
109344,2152,12.35,155.00,-711.22,8.75
109369,2152,12.35,169.00,-711.00,9.09
109394,2152,12.35,117.00,-710.78,8.75
109419,2152,12.35,98.00,-710.55,9.09
109444,2152,12.35,127.00,-710.33,8.75
109469,2152,12.35,156.00,-710.11,8.70
109494,2152,12.35,151.00,-709.89,9.09
109519,2152,12.35,150.00,-709.67,8.75
109544,2152,12.35,134.00,-709.44,9.09
109569,2152,12.35,102.00,-709.22,8.75
109594,2152,12.35,121.00,-709.00,8.75
109619,2152,12.35,152.00,-708.78,9.09
109644,2152,12.35,128.00,-708.56,8.75
109669,2152,12.35,104.00,-708.33,9.09
109694,2152,12.35,119.00,-708.11,8.75
109719,2152,12.35,168.00,-707.88,9.14
109744,2152,12.35,129.00,-707.66,8.75
109769,2152,12.35,122.00,-707.44,8.75
109794,2152,12.35,127.00,-707.22,9.14
109819,2413,12.35,136.00,-707.00,8.70
109844,2413,12.35,289.00,-706.76,9.37
109869,2413,12.35,211.00,-706.53,9.26
109894,2413,12.35,173.00,-706.30,9.48
109919,2413,12.35,174.00,-706.05,9.99
109944,2413,12.35,172.00,-705.81,9.65
109969,2413,12.35,139.00,-705.55,10.15
109994,2413,12.35,168.00,-705.31,9.76
110019,2413,12.35,129.00,-705.05,10.21
110044,2413,12.35,166.00,-704.81,9.82
110069,2413,12.35,159.00,-704.56,9.82
110094,2413,12.35,137.00,-704.30,10.27
110119,2413,12.35,144.00,-704.06,9.82
110144,2413,12.35,145.00,-703.80,10.27
110169,2413,12.35,167.00,-703.56,9.82
110194,2413,12.35,141.00,-703.31,9.82
110219,2413,12.35,141.00,-703.05,10.27
110244,2413,12.35,147.00,-702.81,9.87
110269,2413,12.35,130.00,-702.55,10.27
110294,2413,12.35,142.00,-702.31,9.82
110319,2413,12.35,151.00,-702.06,9.87
110344,2413,12.35,154.00,-701.80,10.27
110369,2413,12.35,140.00,-701.56,9.87
110394,2413,12.35,131.00,-701.30,10.21
110419,2413,12.35,155.00,-701.05,9.87
110444,2413,12.35,157.00,-700.80,10.27
110469,2413,12.35,119.00,-700.55,9.87
110494,2413,12.35,129.00,-700.30,9.87
110519,2413,12.35,116.00,-700.05,10.32
110544,2413,12.35,142.00,-699.80,9.87
110569,2413,12.35,136.00,-699.54,10.27
110594,2413,12.35,124.00,-699.29,9.87
110619,2413,12.35,117.00,-699.05,9.87
110644,2413,12.35,154.00,-698.79,10.21
110669,2413,12.35,122.00,-698.55,9.87
110694,2413,12.35,166.00,-698.29,10.27
110719,2413,12.35,174.00,-698.04,9.87
110744,2413,12.35,139.00,-697.79,10.27
110769,2413,12.35,150.00,-697.54,9.82
110794,2413,12.35,142.00,-697.29,9.87
110819,2661,12.35,120.00,-697.04,10.27
110844,2661,12.35,263.00,-696.79,9.99
110869,2661,12.35,194.00,-696.52,10.77
110894,2661,12.35,225.00,-696.26,10.49
110919,2661,12.35,182.00,-695.99,10.66
110944,2661,12.35,201.00,-695.71,11.22
110969,2661,12.35,184.00,-695.44,10.77
110994,2661,12.35,174.00,-695.16,11.28
111019,2661,12.35,164.00,-694.89,10.88
111044,2661,12.35,163.00,-694.61,10.88
111069,2661,12.35,141.00,-694.33,11.33
111094,2661,12.35,132.00,-694.06,10.88
111119,2661,12.35,149.00,-693.77,11.39
111144,2661,12.35,173.00,-693.50,10.88
111169,2661,12.35,176.00,-693.22,11.39
111194,2661,12.35,185.00,-692.94,10.88
111219,2661,12.35,148.00,-692.67,10.94
111244,2661,12.35,105.00,-692.39,11.33
111269,2661,12.35,126.00,-692.12,10.88
111294,2661,12.35,151.00,-691.83,11.39
111319,2661,12.35,164.00,-691.56,10.88
111344,2661,12.35,165.00,-691.29,10.88
111369,2661,12.35,182.00,-691.00,11.39
111394,2661,12.35,184.00,-690.73,10.83
111419,2661,12.35,183.00,-690.45,11.39
111444,2661,12.35,145.00,-690.17,10.94
111469,2661,12.35,110.00,-689.89,11.33
111494,2661,12.35,129.00,-689.62,10.94
111519,2661,12.35,162.00,-689.34,10.88
111544,2661,12.35,195.00,-689.06,11.39
111569,2661,12.35,152.00,-688.79,10.94
111594,2661,12.35,106.00,-688.50,11.39
111619,2661,12.35,148.00,-688.23,10.88
111644,2661,12.35,181.00,-687.96,10.94
111669,2661,12.35,162.00,-687.67,11.39
111694,2661,12.35,103.00,-687.40,10.94
111719,2661,12.35,114.00,-687.11,11.39
111744,2661,12.35,144.00,-686.84,10.88
111769,2661,12.35,181.00,-686.57,10.94
111794,2661,12.35,199.00,-686.28,11.39
111819,2896,12.35,179.00,-686.01,10.88
111844,2896,12.35,276.00,-685.72,11.56
111869,2896,12.35,227.00,-685.44,11.39
111894,2896,12.35,186.00,-685.14,12.01
111919,2896,12.35,212.00,-684.84,11.67
111944,2896,12.35,210.00,-684.55,11.72
111969,2896,12.35,187.00,-684.24,12.34
111994,2896,12.35,162.00,-683.95,11.78
112019,2896,12.35,152.00,-683.64,12.34
112044,2896,12.35,197.00,-683.34,11.89
112069,2896,12.35,164.00,-683.05,11.89
112094,2896,12.35,138.00,-682.74,12.40
112119,2896,12.35,179.00,-682.44,11.89
112144,2896,12.35,145.00,-682.13,12.40
112169,2896,12.35,191.00,-681.83,11.89
112194,2896,12.35,151.00,-681.52,12.40
112219,2896,12.35,179.00,-681.22,11.89
112244,2896,12.35,135.00,-680.93,11.89
112269,2896,12.35,141.00,-680.62,12.40
112294,2896,12.35,187.00,-680.32,11.89
112319,2896,12.35,154.00,-680.01,12.34
112344,2896,12.35,186.00,-679.71,11.89
112369,2896,12.35,137.00,-679.42,11.89
112394,2896,12.35,187.00,-679.11,12.40
112419,2896,12.35,140.00,-678.81,11.89
112444,2896,12.35,135.00,-678.50,12.34
112469,2896,12.35,182.00,-678.20,11.89
112494,2896,12.35,133.00,-677.89,12.40
112519,2896,12.35,150.00,-677.60,11.89
112544,2896,12.35,176.00,-677.30,11.89
112569,2896,12.35,172.00,-676.99,12.40
112594,2896,12.35,187.00,-676.69,11.89
112619,2896,12.35,166.00,-676.38,12.40
112644,2896,12.35,169.00,-676.08,11.95
112669,2896,12.35,143.00,-675.78,11.89
112694,2896,12.35,183.00,-675.47,12.40
112719,2896,12.35,135.00,-675.18,11.89
112744,2896,12.35,159.00,-674.87,12.40
112769,2896,12.35,118.00,-674.57,11.95
112794,2896,12.35,182.00,-674.27,11.89
112819,3116,12.35,146.00,-673.96,12.34
112844,3116,12.35,273.00,-673.66,12.06
112869,3116,12.35,245.00,-673.34,12.79
112894,3116,12.35,225.00,-673.03,12.45
112919,3116,12.35,191.00,-672.70,13.07
112944,3116,12.35,180.00,-672.39,12.62
112969,3116,12.35,180.00,-672.07,12.73
112994,3116,12.35,201.00,-671.74,13.24
113019,3116,12.35,195.00,-671.42,12.73
113044,3116,12.35,158.00,-671.09,13.35
113069,3116,12.35,171.00,-670.77,12.79
113094,3116,12.35,162.00,-670.45,12.79
113119,3116,12.35,193.00,-670.11,13.30
113144,3116,12.35,179.00,-669.79,12.85
113169,3116,12.35,170.00,-669.46,13.35
113194,3116,12.35,191.00,-669.14,12.79
113219,3116,12.35,154.00,-668.81,13.35
113244,3116,12.35,190.00,-668.48,12.85
113269,3116,12.35,143.00,-668.16,12.85
113294,3116,12.35,183.00,-667.83,13.35
113319,3116,12.35,154.00,-667.51,12.79
113344,3116,12.35,156.00,-667.18,13.35
113369,3116,12.35,182.00,-666.85,12.85
113394,3116,12.35,138.00,-666.54,12.79
113419,3116,12.35,181.00,-666.20,13.35
113444,3116,12.35,192.00,-665.88,12.79
113469,3116,12.35,167.00,-665.55,13.35
113494,3116,12.35,159.00,-665.23,12.79
113519,3116,12.35,192.00,-664.91,12.85
113544,3116,12.35,147.00,-664.57,13.35
113569,3116,12.35,178.00,-664.25,12.79
113594,3116,12.35,175.00,-663.92,13.41
113619,3116,12.35,172.00,-663.60,12.79
113644,3116,12.35,181.00,-663.26,13.41
113669,3116,12.35,169.00,-662.94,12.79
113694,3116,12.35,179.00,-662.62,12.85
113719,3116,12.35,152.00,-662.29,13.35
113744,3116,12.35,178.00,-661.97,12.85
113769,3116,12.35,152.00,-661.63,13.35
113794,3116,12.35,175.00,-661.31,12.85
113819,3318,12.35,172.00,-660.99,12.79
113844,3318,12.35,296.00,-660.65,13.52
113869,3318,12.35,290.00,-660.33,13.13
113894,3318,12.35,221.00,-659.98,13.91
113919,3318,12.35,232.00,-659.64,13.41
113944,3318,12.35,190.00,-659.29,14.08
113969,3318,12.35,180.00,-658.95,13.58
113994,3318,12.35,209.00,-658.61,13.58
114019,3318,12.35,200.00,-658.26,14.19
114044,3318,12.35,190.00,-657.92,13.63
114069,3318,12.35,177.00,-657.56,14.25
114094,3318,12.35,192.00,-657.22,13.63
114119,3318,12.35,189.00,-656.88,13.69
114144,3318,12.35,182.00,-656.52,14.25
114169,3318,12.35,182.00,-656.18,13.69
114194,3318,12.35,182.00,-655.82,14.25
114219,3318,12.35,218.00,-655.48,13.69
114244,3318,12.35,192.00,-655.14,13.69
114269,3318,12.35,193.00,-654.78,14.25
114294,3318,12.35,190.00,-654.44,13.69
114319,3318,12.35,166.00,-654.08,14.25
114344,3318,12.35,184.00,-653.74,13.63
114369,3318,12.35,226.00,-653.39,14.25
114394,3318,12.35,198.00,-653.04,13.69
114419,3318,12.35,177.00,-652.70,13.63
114444,3318,12.35,197.00,-652.35,14.25
114469,3318,12.35,194.00,-652.01,13.69
114494,3318,12.35,187.00,-651.65,14.25
114519,3318,12.35,189.00,-651.31,13.63
114544,3318,12.35,175.00,-650.97,13.69
114569,3318,12.35,180.00,-650.61,14.25
114594,3318,12.35,200.00,-650.27,13.69
114619,3318,12.35,193.00,-649.91,14.25
114644,3318,12.35,204.00,-649.57,13.69
114669,3318,12.35,192.00,-649.21,14.25
114694,3318,12.35,177.00,-648.87,13.69
114719,3318,12.35,175.00,-648.53,13.69
114744,3318,12.35,193.00,-648.17,14.19
114769,3318,12.35,197.00,-647.83,13.69
114794,3318,12.35,211.00,-647.48,14.25
114819,3500,12.35,171.00,-647.13,13.69
114844,3500,12.35,289.00,-646.79,13.74
114869,3500,12.35,269.00,-646.42,14.59
114894,3500,12.35,261.00,-646.07,14.08
114919,3500,12.35,237.00,-645.70,14.87
114944,3500,12.35,201.00,-645.34,14.25
114969,3500,12.35,190.00,-644.99,14.36
114994,3500,12.35,215.00,-644.61,14.98
115019,3500,12.35,199.00,-644.25,14.42
115044,3500,12.35,184.00,-643.88,14.98
115069,3500,12.35,179.00,-643.51,14.47
115094,3500,12.35,183.00,-643.14,15.03
115119,3500,12.35,197.00,-642.78,14.47
115144,3500,12.35,203.00,-642.42,14.42
115169,3500,12.35,198.00,-642.04,15.09
115194,3500,12.35,198.00,-641.68,14.42
115219,3500,12.35,182.00,-641.30,15.09
115244,3500,12.35,167.00,-640.94,14.42
115269,3500,12.35,170.00,-640.58,14.42
115294,3500,12.35,163.00,-640.20,15.09
115319,3500,12.35,171.00,-639.84,14.42
115344,3500,12.35,170.00,-639.47,15.09
115369,3500,12.35,162.00,-639.10,14.47
115394,3500,12.35,202.00,-638.73,15.03
115419,3500,12.35,202.00,-638.37,14.47
115444,3500,12.35,207.00,-638.00,14.47
115469,3500,12.35,203.00,-637.63,15.03
115494,3500,12.35,203.00,-637.27,14.47
115519,3500,12.35,193.00,-636.89,15.09
115544,3500,12.35,185.00,-636.53,14.47
115569,3500,12.35,193.00,-636.17,14.47
115594,3500,12.35,188.00,-635.79,15.03
115619,3500,12.35,180.00,-635.43,14.47
115644,3500,12.35,177.00,-635.05,15.03
115669,3500,12.35,174.00,-634.69,14.47
115694,3500,12.35,168.00,-634.31,15.03
115719,3500,12.35,161.00,-633.95,14.47
115744,3500,12.35,155.00,-633.59,14.47
115769,3500,12.35,189.00,-633.21,15.09
115794,3500,12.35,193.00,-632.85,14.42
115819,3661,12.35,189.00,-632.48,15.09
115844,3661,12.35,268.00,-632.11,14.59
115869,3661,12.35,268.00,-631.74,14.75
115894,3661,12.35,246.00,-631.35,15.48
115919,3661,12.35,216.00,-630.98,14.98
115944,3661,12.35,189.00,-630.59,15.71
115969,3661,12.35,201.00,-630.21,15.09
115994,3661,12.35,202.00,-629.83,15.03
116019,3661,12.35,194.00,-629.44,15.76
116044,3661,12.35,194.00,-629.06,15.15
116069,3661,12.35,173.00,-628.67,15.76
116094,3661,12.35,183.00,-628.29,15.15
116119,3661,12.35,191.00,-627.89,15.76
116144,3661,12.35,187.00,-627.52,15.15
116169,3661,12.35,171.00,-627.14,15.15
116194,3661,12.35,197.00,-626.74,15.82
116219,3661,12.35,217.00,-626.36,15.15
116244,3661,12.35,179.00,-625.97,15.82
116269,3661,12.35,180.00,-625.59,15.20
116294,3661,12.35,181.00,-625.21,15.20
116319,3661,12.35,217.00,-624.81,15.82
116344,3661,12.35,193.00,-624.43,15.20
116369,3661,12.35,162.00,-624.04,15.82
116394,3661,12.35,187.00,-623.66,15.15
116419,3661,12.35,186.00,-623.26,15.82
116444,3661,12.35,208.00,-622.88,15.20
116469,3661,12.35,176.00,-622.50,15.20
116494,3661,12.35,193.00,-622.11,15.82
116519,3661,12.35,174.00,-621.73,15.15
116544,3661,12.35,189.00,-621.33,15.82
116569,3661,12.35,201.00,-620.95,15.15
116594,3661,12.35,182.00,-620.57,15.20
116619,3661,12.35,170.00,-620.18,15.76
116644,3661,12.35,186.00,-619.80,15.20
116669,3661,12.35,205.00,-619.40,15.82
116694,3661,12.35,191.00,-619.02,15.20
116719,3661,12.35,162.00,-618.65,15.15
116744,3661,12.35,189.00,-618.25,15.82
116769,3661,12.35,204.00,-617.87,15.20
116794,3661,12.35,187.00,-617.47,15.82
116819,3799,12.35,181.00,-617.09,15.20
116844,3799,12.35,292.00,-616.70,15.88
116869,3799,12.35,240.00,-616.31,15.43
116894,3799,12.35,227.00,-615.92,15.48
116919,3799,12.35,223.00,-615.52,16.27
116944,3799,12.35,218.00,-615.13,15.60
116969,3799,12.35,190.00,-614.72,16.38
116994,3799,12.35,203.00,-614.33,15.71
117019,3799,12.35,183.00,-613.93,15.71
117044,3799,12.35,183.00,-613.52,16.38
117069,3799,12.35,214.00,-613.13,15.82
117094,3799,12.35,207.00,-612.72,16.38
117119,3799,12.35,187.00,-612.32,15.82
117144,3799,12.35,182.00,-611.91,16.44
117169,3799,12.35,206.00,-611.52,15.76
117194,3799,12.35,221.00,-611.12,15.76
117219,3799,12.35,206.00,-610.71,16.44
117244,3799,12.35,193.00,-610.32,15.82
117269,3799,12.35,189.00,-609.91,16.44
117294,3799,12.35,209.00,-609.51,15.76
117319,3799,12.35,203.00,-609.12,15.76
117344,3799,12.35,172.00,-608.71,16.44
117369,3799,12.35,187.00,-608.31,15.76
117394,3799,12.35,182.00,-607.90,16.44
117419,3799,12.35,202.00,-607.51,15.76
117444,3799,12.35,203.00,-607.11,15.76
117469,3799,12.35,186.00,-606.70,16.49
117494,3799,12.35,188.00,-606.31,15.76
117519,3799,12.35,198.00,-605.90,16.44
117544,3799,12.35,183.00,-605.50,15.76
117569,3799,12.35,209.00,-605.09,16.44
117594,3799,12.35,189.00,-604.70,15.82
117619,3799,12.35,190.00,-604.30,15.76
117644,3799,12.35,201.00,-603.89,16.44
117669,3799,12.35,199.00,-603.50,15.82
117694,3799,12.35,183.00,-603.08,16.44
117719,3799,12.35,198.00,-602.69,15.76
117744,3799,12.35,211.00,-602.30,15.82
117769,3799,12.35,198.00,-601.88,16.44
117794,3799,12.35,195.00,-601.49,15.82
117819,3913,12.35,193.00,-601.08,16.44
117844,3913,12.35,269.00,-600.68,15.88
117869,3913,12.35,249.00,-600.26,16.66
117894,3913,12.35,257.00,-599.86,16.04
117919,3913,12.35,233.00,-599.46,16.16
117944,3913,12.35,209.00,-599.04,16.83
117969,3913,12.35,216.00,-598.63,16.27
117994,3913,12.35,207.00,-598.21,16.94
118019,3913,12.35,197.00,-597.80,16.21
118044,3913,12.35,211.00,-597.40,16.27
118069,3913,12.35,204.00,-596.97,16.94
118094,3913,12.35,216.00,-596.57,16.27
118119,3913,12.35,216.00,-596.14,17.00
118144,3913,12.35,219.00,-595.73,16.27
118169,3913,12.35,203.00,-595.33,16.33
118194,3913,12.35,202.00,-594.90,16.94
118219,3913,12.35,218.00,-594.49,16.33
118244,3913,12.35,192.00,-594.07,17.00
118269,3913,12.35,197.00,-593.66,16.33
118294,3913,12.35,203.00,-593.24,17.00
118319,3913,12.35,201.00,-592.83,16.33
118344,3913,12.35,213.00,-592.42,16.33
118369,3913,12.35,208.00,-592.00,16.94
118394,3913,12.35,203.00,-591.59,16.33
118419,3913,12.35,201.00,-591.16,17.00
118444,3913,12.35,187.00,-590.76,16.27
118469,3913,12.35,193.00,-590.35,16.27
118494,3913,12.35,185.00,-589.93,17.00
118519,3913,12.35,196.00,-589.52,16.33
118544,3913,12.35,172.00,-589.09,17.00
118569,3913,12.35,203.00,-588.69,16.27
118594,3913,12.35,198.00,-588.26,17.00
118619,3913,12.35,192.00,-587.85,16.33
118644,3913,12.35,206.00,-587.44,16.33
118669,3913,12.35,189.00,-587.02,17.00
118694,3913,12.35,193.00,-586.61,16.33
118719,3913,12.35,198.00,-586.19,17.00
118744,3913,12.35,196.00,-585.78,16.33
118769,3913,12.35,209.00,-585.37,16.27
118794,3913,12.35,212.00,-584.95,17.00
118819,4000,12.35,205.00,-584.54,16.33
118844,4000,12.35,262.00,-584.11,17.00
118869,4000,12.35,229.00,-583.70,16.44
118894,4000,12.35,233.00,-583.27,17.22
118919,4000,12.35,224.00,-582.86,16.55
118944,4000,12.35,223.00,-582.44,16.55
118969,4000,12.35,201.00,-582.01,17.33
118994,4000,12.35,201.00,-581.59,16.66
119019,4000,12.35,210.00,-581.16,17.33
119044,4000,12.35,212.00,-580.74,16.66
119069,4000,12.35,213.00,-580.33,16.61
119094,4000,12.35,200.00,-579.89,17.39
119119,4000,12.35,205.00,-579.48,16.66
119144,4000,12.35,200.00,-579.04,17.39
119169,4000,12.35,208.00,-578.63,16.61
119194,4000,12.35,207.00,-578.21,16.66
119219,4000,12.35,210.00,-577.78,17.39
119244,4000,12.35,187.00,-577.36,16.61
119269,4000,12.35,194.00,-576.93,17.39
119294,4000,12.35,210.00,-576.51,16.66
119319,4000,12.35,204.00,-576.08,17.39
119344,4000,12.35,207.00,-575.66,16.66
119369,4000,12.35,210.00,-575.24,16.72
119394,4000,12.35,196.00,-574.81,17.33
119419,4000,12.35,200.00,-574.39,16.66
119444,4000,12.35,196.00,-573.96,17.39
119469,4000,12.35,203.00,-573.54,16.72
119494,4000,12.35,198.00,-573.12,16.66
119519,4000,12.35,202.00,-572.69,17.33
119544,4000,12.35,191.00,-572.27,16.72
119569,4000,12.35,193.00,-571.84,17.33
119594,4000,12.35,207.00,-571.42,16.66
119619,4000,12.35,200.00,-570.99,17.33
119644,4000,12.35,208.00,-570.57,16.66
119669,4000,12.35,202.00,-570.15,16.72
119694,4000,12.35,186.00,-569.72,17.33
119719,4000,12.35,201.00,-569.30,16.72
119744,4000,12.35,211.00,-568.87,17.33
119769,4000,12.35,187.00,-568.45,16.66
119794,4000,12.35,203.00,-568.04,16.66
119819,4060,12.35,200.00,-567.60,17.39
119844,4060,12.35,240.00,-567.18,16.72
119869,4060,12.35,225.00,-566.75,17.45
119894,4060,12.35,237.00,-566.33,16.83
119919,4060,12.35,223.00,-565.90,16.83
119944,4060,12.35,215.00,-565.47,17.56
119969,4060,12.35,235.00,-565.04,16.89
119994,4060,12.35,213.00,-564.60,17.56
120019,4060,12.35,203.00,-564.18,16.94
120044,4060,12.35,217.00,-563.74,17.62
120069,4060,12.35,194.00,-563.32,16.89
120094,4060,12.35,198.00,-562.89,16.94
120119,4060,12.35,211.00,-562.45,17.62
120144,4060,12.35,201.00,-562.03,16.94
120169,4060,12.35,205.00,-561.59,17.67
120194,4060,12.35,191.00,-561.17,16.94
120219,4060,12.35,206.00,-560.74,16.94
120244,4060,12.35,209.00,-560.30,17.62
120269,4060,12.35,200.00,-559.88,17.00
120294,4060,12.35,211.00,-559.44,17.62
120319,4060,12.35,218.00,-559.01,16.94
120344,4060,12.35,208.00,-558.57,17.62
120369,4060,12.35,217.00,-558.15,16.94
120394,4060,12.35,199.00,-557.73,16.94
120419,4060,12.35,213.00,-557.28,17.62
120444,4060,12.35,209.00,-556.86,16.94
120469,4060,12.35,192.00,-556.42,17.67
120494,4060,12.35,198.00,-556.00,16.94
120519,4060,12.35,189.00,-555.57,16.94
120544,4060,12.35,206.00,-555.13,17.62
120569,4060,12.35,197.00,-554.71,16.94
120594,4060,12.35,189.00,-554.27,17.67
120619,4060,12.35,213.00,-553.84,16.94
120644,4060,12.35,201.00,-553.42,16.94
120669,4060,12.35,215.00,-552.98,17.67
120694,4060,12.35,227.00,-552.56,16.89
120719,4060,12.35,206.00,-552.11,17.67
120744,4060,12.35,208.00,-551.69,16.94
120769,4060,12.35,203.00,-551.25,17.62
120794,4060,12.35,210.00,-550.83,16.94
120819,4092,12.35,212.00,-550.40,17.00
120844,4092,12.35,225.00,-549.96,17.67
120869,4092,12.35,221.00,-549.53,17.00
120894,4092,12.35,208.00,-549.09,17.73
120919,4092,12.35,212.00,-548.67,17.00
120944,4092,12.35,205.00,-548.24,17.05
120969,4092,12.35,230.00,-547.80,17.78
120994,4092,12.35,210.00,-547.37,17.11
121019,4092,12.35,215.00,-546.92,17.78
121044,4092,12.35,202.00,-546.50,17.05
121069,4092,12.35,197.00,-546.05,17.84
121094,4092,12.35,213.00,-545.62,17.05
121119,4092,12.35,205.00,-545.20,17.11
121144,4092,12.35,213.00,-544.75,17.78
121169,4092,12.35,185.00,-544.32,17.11
121194,4092,12.35,217.00,-543.88,17.78
121219,4092,12.35,209.00,-543.45,17.05
121244,4092,12.35,216.00,-543.03,17.11
121269,4092,12.35,202.00,-542.58,17.84
121294,4092,12.35,212.00,-542.15,17.05
121319,4092,12.35,199.00,-541.71,17.84
121344,4092,12.35,195.00,-541.28,17.05
121369,4092,12.35,213.00,-540.85,17.11
121394,4092,12.35,215.00,-540.41,17.78
121419,4092,12.35,211.00,-539.98,17.11
121444,4092,12.35,210.00,-539.54,17.78
121469,4092,12.35,197.00,-539.11,17.05
121494,4092,12.35,197.00,-538.66,17.84
121519,4092,12.35,201.00,-538.24,17.05
121544,4092,12.35,211.00,-537.81,17.11
121569,4092,12.35,193.00,-537.37,17.78
121594,4092,12.35,202.00,-536.94,17.11
121619,4092,12.35,193.00,-536.49,17.78
121644,4092,12.35,211.00,-536.07,17.11
121669,4092,12.35,201.00,-535.64,17.05
121694,4092,12.35,211.00,-535.19,17.84
121719,4092,12.35,199.00,-534.77,17.05
121744,4092,12.35,190.00,-534.32,17.78
121769,4092,12.35,221.00,-533.89,17.11
121794,4092,12.35,213.00,-533.45,17.78
121819,4093,12.35,207.00,-533.02,17.05
121844,4093,12.35,199.00,-532.60,17.11
121869,4093,12.35,205.00,-532.15,17.78
121894,4093,12.35,207.00,-531.72,17.11
121919,4093,12.35,211.00,-531.28,17.78
121944,4093,12.35,206.00,-530.85,17.05
121969,4093,12.35,210.00,-530.42,17.11
121994,4093,12.35,204.00,-529.98,17.78
122019,4093,12.35,201.00,-529.55,17.11
122044,4093,12.35,196.00,-529.11,17.78
122069,4093,12.35,204.00,-528.68,17.11
122094,4093,12.35,200.00,-528.23,17.78
122119,4093,12.35,219.00,-527.81,17.11
122144,4093,12.35,192.00,-527.38,17.05
122169,4093,12.35,210.00,-526.94,17.78
122194,4093,12.35,211.00,-526.51,17.11
122219,4093,12.35,207.00,-526.06,17.78
122244,4093,12.35,207.00,-525.64,17.05
122269,4093,12.35,193.00,-525.21,17.11
122294,4093,12.35,221.00,-524.77,17.78
122319,4093,12.35,204.00,-524.34,17.11
122344,4093,12.35,201.00,-523.89,17.84
122369,4093,12.35,188.00,-523.47,17.05
122394,4093,12.35,216.00,-523.04,17.05
122419,4093,12.35,192.00,-522.59,17.84
122444,4093,12.35,209.00,-522.17,17.05
122469,4093,12.35,215.00,-521.72,17.84
122494,4093,12.35,202.00,-521.29,17.05
122519,4093,12.35,203.00,-520.85,17.78
122544,4093,12.35,202.00,-520.42,17.11
122569,4093,12.35,192.00,-520.00,17.05
122594,4093,12.35,229.00,-519.55,17.78
122619,4093,12.35,201.00,-519.12,17.11
122644,4093,12.35,215.00,-518.68,17.78
122669,4093,12.35,194.00,-518.25,17.11
122694,4093,12.35,212.00,-517.82,17.11
122719,4093,12.35,218.00,-517.38,17.78
122744,4093,12.35,210.00,-516.95,17.11
122769,4093,12.35,202.00,-516.51,17.78
122794,4093,12.35,225.00,-516.08,17.11
122819,4063,12.35,189.00,-515.63,17.84
122844,4063,12.35,191.00,-515.21,17.05
122869,4063,12.35,203.00,-514.78,17.05
122894,4063,12.35,188.00,-514.34,17.73
122919,4063,12.35,208.00,-513.91,17.00
122944,4063,12.35,192.00,-513.47,17.73
122969,4063,12.35,212.00,-513.04,17.00
122994,4063,12.35,192.00,-512.62,17.00
123019,4063,12.35,187.00,-512.18,17.67
123044,4063,12.35,212.00,-511.75,17.00
123069,4063,12.35,199.00,-511.31,17.67
123094,4063,12.35,210.00,-510.88,17.00
123119,4063,12.35,192.00,-510.46,16.94
123144,4063,12.35,211.00,-510.02,17.67
123169,4063,12.35,206.00,-509.59,17.00
123194,4063,12.35,206.00,-509.15,17.67
123219,4063,12.35,206.00,-508.73,16.94
123244,4063,12.35,202.00,-508.29,17.67
123269,4063,12.35,193.00,-507.86,17.00
123294,4063,12.35,189.00,-507.44,16.94
123319,4063,12.35,198.00,-507.00,17.67
123344,4063,12.35,220.00,-506.57,17.00
123369,4063,12.35,207.00,-506.13,17.67
123394,4063,12.35,216.00,-505.71,17.00
123419,4063,12.35,210.00,-505.28,16.94
123444,4063,12.35,220.00,-504.84,17.67
123469,4063,12.35,220.00,-504.41,17.00
123494,4063,12.35,203.00,-503.97,17.67
123519,4063,12.35,217.00,-503.55,17.00
123544,4063,12.35,208.00,-503.11,17.67
123569,4063,12.35,217.00,-502.68,16.94
123594,4063,12.35,195.00,-502.26,17.00
123619,4063,12.35,191.00,-501.82,17.62
123644,4063,12.35,213.00,-501.39,17.00
123669,4063,12.35,200.00,-500.95,17.67
123694,4063,12.35,207.00,-500.53,16.94
123719,4063,12.35,206.00,-500.10,17.00
123744,4063,12.35,207.00,-499.66,17.67
123769,4063,12.35,201.00,-499.24,17.00
123794,4063,12.35,202.00,-498.79,17.67
123819,4003,12.35,208.00,-498.37,16.94
123844,4003,12.35,141.00,-497.95,16.94
123869,4003,12.35,184.00,-497.51,17.56
123894,4003,12.35,186.00,-497.09,16.83
123919,4003,12.35,170.00,-496.65,17.50
123944,4003,12.35,192.00,-496.23,16.77
123969,4003,12.35,207.00,-495.80,17.39
123994,4003,12.35,204.00,-495.38,16.72
124019,4003,12.35,193.00,-494.96,16.72
124044,4003,12.35,192.00,-494.52,17.39
124069,4003,12.35,190.00,-494.11,16.72
124094,4003,12.35,185.00,-493.67,17.39
124119,4003,12.35,199.00,-493.25,16.72
124144,4003,12.35,205.00,-492.84,16.72
124169,4003,12.35,201.00,-492.40,17.33
124194,4003,12.35,205.00,-491.98,16.72
124219,4003,12.35,186.00,-491.55,17.39
124244,4003,12.35,204.00,-491.13,16.66
124269,4003,12.35,204.00,-490.70,17.45
124294,4003,12.35,209.00,-490.28,16.66
124319,4003,12.35,203.00,-489.86,16.66
124344,4003,12.35,218.00,-489.43,17.39
124369,4003,12.35,201.00,-489.01,16.66
124394,4003,12.35,187.00,-488.58,17.45
124419,4003,12.35,180.00,-488.16,16.66
124444,4003,12.35,209.00,-487.74,16.72
124469,4003,12.35,201.00,-487.31,17.39
124494,4003,12.35,189.00,-486.89,16.72
124519,4003,12.35,195.00,-486.45,17.39
124544,4003,12.35,208.00,-486.04,16.72
124569,4003,12.35,208.00,-485.62,16.66
124594,4003,12.35,204.00,-485.19,17.39
124619,4003,12.35,196.00,-484.77,16.72
124644,4003,12.35,203.00,-484.33,17.39
124669,4003,12.35,212.00,-483.91,16.72
124694,4003,12.35,203.00,-483.48,17.39
124719,4003,12.35,189.00,-483.06,16.72
124744,4003,12.35,204.00,-482.65,16.66
124769,4003,12.35,200.00,-482.21,17.39
124794,4003,12.35,194.00,-481.79,16.72
124819,3911,12.35,202.00,-481.36,17.39
124844,3911,12.35,143.00,-480.94,16.61
124869,3911,12.35,173.00,-480.53,16.55
124894,3911,12.35,152.00,-480.10,17.17
124919,3911,12.35,176.00,-479.69,16.44
124944,3911,12.35,170.00,-479.26,17.05
124969,3911,12.35,191.00,-478.85,16.38
124994,3911,12.35,162.00,-478.43,17.05
125019,3911,12.35,188.00,-478.02,16.33
125044,3911,12.35,195.00,-477.61,16.33
125069,3911,12.35,200.00,-477.19,17.00
125094,3911,12.35,211.00,-476.78,16.27
125119,3911,12.35,197.00,-476.35,17.00
125144,3911,12.35,203.00,-475.95,16.33
125169,3911,12.35,191.00,-475.54,16.33
125194,3911,12.35,196.00,-475.11,16.94
125219,3911,12.35,189.00,-474.71,16.33
125244,3911,12.35,195.00,-474.28,17.00
125269,3911,12.35,198.00,-473.87,16.27
125294,3911,12.35,198.00,-473.45,17.00
125319,3911,12.35,194.00,-473.04,16.33
125344,3911,12.35,207.00,-472.63,16.33
125369,3911,12.35,176.00,-472.21,17.00
125394,3911,12.35,209.00,-471.80,16.33
125419,3911,12.35,182.00,-471.37,17.00
125444,3911,12.35,198.00,-470.97,16.33
125469,3911,12.35,191.00,-470.56,16.27
125494,3911,12.35,193.00,-470.14,17.00
125519,3911,12.35,200.00,-469.73,16.33
125544,3911,12.35,192.00,-469.30,17.00
125569,3911,12.35,201.00,-468.89,16.33
125594,3911,12.35,182.00,-468.49,16.33
125619,3911,12.35,193.00,-468.06,17.00
125644,3911,12.35,191.00,-467.65,16.33
125669,3911,12.35,197.00,-467.23,17.00
125694,3911,12.35,216.00,-466.82,16.27
125719,3911,12.35,205.00,-466.39,17.05
125744,3911,12.35,200.00,-465.99,16.33
125769,3911,12.35,204.00,-465.58,16.33
125794,3911,12.35,187.00,-465.15,17.00
125819,3787,12.35,192.00,-464.75,16.33
125844,3787,12.35,97.00,-464.32,16.89
125869,3787,12.35,140.00,-463.92,16.10
125894,3787,12.35,146.00,-463.52,16.04
125919,3787,12.35,158.00,-463.10,16.61
125944,3787,12.35,182.00,-462.71,15.88
125969,3787,12.35,171.00,-462.29,16.55
125994,3787,12.35,186.00,-461.90,15.88
126019,3787,12.35,197.00,-461.49,16.44
126044,3787,12.35,152.00,-461.09,15.82
126069,3787,12.35,181.00,-460.70,15.76
126094,3787,12.35,184.00,-460.29,16.44
126119,3787,12.35,210.00,-459.89,15.82
126144,3787,12.35,188.00,-459.48,16.44
126169,3787,12.35,167.00,-459.08,15.76
126194,3787,12.35,192.00,-458.69,15.82
126219,3787,12.35,187.00,-458.28,16.44
126244,3787,12.35,184.00,-457.88,15.76
126269,3787,12.35,188.00,-457.47,16.38
126294,3787,12.35,194.00,-457.08,15.76
126319,3787,12.35,195.00,-456.69,15.76
126344,3787,12.35,189.00,-456.28,16.44
126369,3787,12.35,191.00,-455.88,15.76
126394,3787,12.35,170.00,-455.47,16.44
126419,3787,12.35,175.00,-455.08,15.76
126444,3787,12.35,186.00,-454.67,16.44
126469,3787,12.35,193.00,-454.27,15.76
126494,3787,12.35,193.00,-453.88,15.76
126519,3787,12.35,158.00,-453.47,16.44
126544,3787,12.35,175.00,-453.07,15.76
126569,3787,12.35,191.00,-452.66,16.44
126594,3787,12.35,184.00,-452.27,15.71
126619,3787,12.35,187.00,-451.87,15.76
126644,3787,12.35,193.00,-451.47,16.38
126669,3787,12.35,195.00,-451.07,15.76
126694,3787,12.35,190.00,-450.66,16.38
126719,3787,12.35,186.00,-450.27,15.76
126744,3787,12.35,197.00,-449.86,16.38
126769,3787,12.35,201.00,-449.46,15.76
126794,3787,12.35,176.00,-449.07,15.76
126819,3631,12.35,191.00,-448.66,16.44
126844,3631,12.35,103.00,-448.27,15.65
126869,3631,12.35,135.00,-447.86,16.16
126894,3631,12.35,136.00,-447.48,15.37
126919,3631,12.35,152.00,-447.10,15.32
126944,3631,12.35,159.00,-446.70,15.88
126969,3631,12.35,187.00,-446.32,15.15
126994,3631,12.35,169.00,-445.93,15.82
127019,3631,12.35,154.00,-445.55,15.15
127044,3631,12.35,197.00,-445.17,15.09
127069,3631,12.35,174.00,-444.78,15.76
127094,3631,12.35,182.00,-444.40,15.09
127119,3631,12.35,165.00,-444.01,15.71
127144,3631,12.35,179.00,-443.63,15.09
127169,3631,12.35,206.00,-443.23,15.76
127194,3631,12.35,171.00,-442.86,15.03
127219,3631,12.35,217.00,-442.48,15.09
127244,3631,12.35,165.00,-442.09,15.71
127269,3631,12.35,198.00,-441.71,15.09
127294,3631,12.35,159.00,-441.32,15.76
127319,3631,12.35,191.00,-440.94,15.09
127344,3631,12.35,160.00,-440.56,15.09
127369,3631,12.35,194.00,-440.17,15.71
127394,3631,12.35,162.00,-439.79,15.09
127419,3631,12.35,175.00,-439.40,15.71
127444,3631,12.35,176.00,-439.02,15.09
127469,3631,12.35,180.00,-438.63,15.71
127494,3631,12.35,203.00,-438.25,15.03
127519,3631,12.35,188.00,-437.88,15.09
127544,3631,12.35,193.00,-437.48,15.71
127569,3631,12.35,159.00,-437.11,15.09
127594,3631,12.35,210.00,-436.71,15.76
127619,3631,12.35,152.00,-436.33,15.09
127644,3631,12.35,190.00,-435.96,15.09
127669,3631,12.35,175.00,-435.57,15.71
127694,3631,12.35,208.00,-435.19,15.03
127719,3631,12.35,164.00,-434.80,15.76
127744,3631,12.35,197.00,-434.42,15.09
127769,3631,12.35,171.00,-434.04,15.09
127794,3631,12.35,179.00,-433.65,15.71
127819,3445,12.35,171.00,-433.27,15.03
127844,3445,12.35,103.00,-432.88,15.60
127869,3445,12.35,120.00,-432.51,14.81
127894,3445,12.35,112.00,-432.13,15.26
127919,3445,12.35,126.00,-431.77,14.53
127944,3445,12.35,133.00,-431.41,14.47
127969,3445,12.35,148.00,-431.03,15.03
127994,3445,12.35,178.00,-430.67,14.36
128019,3445,12.35,158.00,-430.30,14.92
128044,3445,12.35,164.00,-429.94,14.31
128069,3445,12.35,177.00,-429.58,14.31
128094,3445,12.35,156.00,-429.21,14.92
128119,3445,12.35,201.00,-428.85,14.31
128144,3445,12.35,152.00,-428.48,14.92
128169,3445,12.35,184.00,-428.12,14.31
128194,3445,12.35,180.00,-427.75,14.87
128219,3445,12.35,177.00,-427.39,14.31
128244,3445,12.35,195.00,-427.04,14.25
128269,3445,12.35,166.00,-426.66,14.87
128294,3445,12.35,158.00,-426.31,14.31
128319,3445,12.35,185.00,-425.93,14.92
128344,3445,12.35,150.00,-425.58,14.31
128369,3445,12.35,207.00,-425.22,14.31
128394,3445,12.35,159.00,-424.85,14.87
128419,3445,12.35,223.00,-424.49,14.31
128444,3445,12.35,160.00,-424.12,14.87
128469,3445,12.35,217.00,-423.76,14.25
128494,3445,12.35,170.00,-423.39,14.92
128519,3445,12.35,198.00,-423.03,14.31
128544,3445,12.35,163.00,-422.67,14.25
128569,3445,12.35,187.00,-422.30,14.87
128594,3445,12.35,166.00,-421.94,14.31
128619,3445,12.35,185.00,-421.57,14.87
128644,3445,12.35,225.00,-421.22,14.25
128669,3445,12.35,173.00,-420.86,14.25
128694,3445,12.35,209.00,-420.49,14.81
128719,3445,12.35,163.00,-420.13,14.25
128744,3445,12.35,174.00,-419.76,14.87
128769,3445,12.35,193.00,-419.41,14.25
128794,3445,12.35,173.00,-419.05,14.25
128819,3228,12.35,187.00,-418.68,14.87
128844,3228,12.35,72.00,-418.32,14.14
128869,3228,12.35,106.00,-417.96,14.47
128894,3228,12.35,100.00,-417.62,13.69
128919,3228,12.35,160.00,-417.27,14.19
128944,3228,12.35,145.00,-416.93,13.52
128969,3228,12.35,143.00,-416.59,13.46
128994,3228,12.35,161.00,-416.24,14.02
129019,3228,12.35,168.00,-415.90,13.41
129044,3228,12.35,199.00,-415.56,13.91
129069,3228,12.35,164.00,-415.22,13.41
129094,3228,12.35,171.00,-414.89,13.35
129119,3228,12.35,186.00,-414.54,13.91
129144,3228,12.35,176.00,-414.20,13.41
129169,3228,12.35,159.00,-413.86,13.97
129194,3228,12.35,169.00,-413.52,13.35
129219,3228,12.35,175.00,-413.17,13.91
129244,3228,12.35,177.00,-412.84,13.35
129269,3228,12.35,154.00,-412.51,13.35
129294,3228,12.35,170.00,-412.16,13.91
129319,3228,12.35,163.00,-411.83,13.30
129344,3228,12.35,183.00,-411.48,13.91
129369,3228,12.35,204.00,-411.14,13.35
129394,3228,12.35,177.00,-410.81,13.35
129419,3228,12.35,177.00,-410.46,13.91
129444,3228,12.35,183.00,-410.13,13.30
129469,3228,12.35,189.00,-409.78,13.86
129494,3228,12.35,169.00,-409.45,13.30
129519,3228,12.35,169.00,-409.12,13.35
129544,3228,12.35,180.00,-408.77,13.86
129569,3228,12.35,177.00,-408.44,13.35
129594,3228,12.35,169.00,-408.09,13.86
129619,3228,12.35,185.00,-407.76,13.30
129644,3228,12.35,181.00,-407.41,13.86
129669,3228,12.35,177.00,-407.08,13.35
129694,3228,12.35,153.00,-406.75,13.35
129719,3228,12.35,173.00,-406.40,13.91
129744,3228,12.35,159.00,-406.06,13.30
129769,3228,12.35,163.00,-405.72,13.86
129794,3228,12.35,190.00,-405.38,13.35
129819,2981,12.35,174.00,-405.05,13.35
129844,2981,12.35,40.00,-404.71,13.69
129869,2981,12.35,94.00,-404.39,12.90
129894,2981,12.35,119.00,-404.06,13.24
129919,2981,12.35,129.00,-403.74,12.57
129944,2981,12.35,121.00,-403.42,13.02
129969,2981,12.35,150.00,-403.11,12.40
129994,2981,12.35,136.00,-402.80,12.40
130019,2981,12.35,154.00,-402.47,12.85
130044,2981,12.35,177.00,-402.17,12.29
130069,2981,12.35,179.00,-401.85,12.85
130094,2981,12.35,160.00,-401.54,12.29
130119,2981,12.35,162.00,-401.23,12.29
130144,2981,12.35,154.00,-400.91,12.79
130169,2981,12.35,152.00,-400.60,12.29
130194,2981,12.35,174.00,-400.29,12.79
130219,2981,12.35,167.00,-399.98,12.29
130244,2981,12.35,150.00,-399.67,12.29
130269,2981,12.35,159.00,-399.35,12.79
130294,2981,12.35,203.00,-399.04,12.29
130319,2981,12.35,163.00,-398.72,12.79
130344,2981,12.35,139.00,-398.42,12.29
130369,2981,12.35,173.00,-398.10,12.79
130394,2981,12.35,161.00,-397.79,12.34
130419,2981,12.35,144.00,-397.48,12.23
130444,2981,12.35,151.00,-397.16,12.79
130469,2981,12.35,180.00,-396.86,12.29
130494,2981,12.35,184.00,-396.54,12.79
130519,2981,12.35,187.00,-396.23,12.29
130544,2981,12.35,156.00,-395.92,12.29
130569,2981,12.35,173.00,-395.60,12.73
130594,2981,12.35,182.00,-395.30,12.29
130619,2981,12.35,157.00,-394.98,12.79
130644,2981,12.35,137.00,-394.67,12.29
130669,2981,12.35,191.00,-394.35,12.79
130694,2981,12.35,173.00,-394.04,12.29
130719,2981,12.35,143.00,-393.74,12.29
130744,2981,12.35,162.00,-393.42,12.79
130769,2981,12.35,164.00,-393.11,12.29
130794,2981,12.35,171.00,-392.79,12.79
130819,2708,12.35,153.00,-392.48,12.29
130844,2708,12.35,29.00,-392.18,12.12
130869,2708,12.35,99.00,-391.87,12.29
130894,2708,12.35,80.00,-391.58,11.56
130919,2708,12.35,75.00,-391.29,11.89
130944,2708,12.35,152.00,-391.00,11.39
130969,2708,12.35,93.00,-390.72,11.22
130994,2708,12.35,108.00,-390.43,11.61
131019,2708,12.35,147.00,-390.15,11.11
131044,2708,12.35,182.00,-389.86,11.56
131069,2708,12.35,170.00,-389.59,11.11
131094,2708,12.35,169.00,-389.29,11.67
131119,2708,12.35,159.00,-389.01,11.22
131144,2708,12.35,127.00,-388.73,11.16
131169,2708,12.35,132.00,-388.44,11.61
131194,2708,12.35,162.00,-388.17,11.11
131219,2708,12.35,173.00,-387.87,11.67
131244,2708,12.35,145.00,-387.60,11.16
131269,2708,12.35,130.00,-387.32,11.16
131294,2708,12.35,156.00,-387.03,11.61
131319,2708,12.35,157.00,-386.75,11.16
131344,2708,12.35,156.00,-386.46,11.61
131369,2708,12.35,152.00,-386.18,11.16
131394,2708,12.35,147.00,-385.89,11.61
131419,2708,12.35,133.00,-385.61,11.16
131444,2708,12.35,150.00,-385.33,11.16
131469,2708,12.35,174.00,-385.04,11.61
131494,2708,12.35,151.00,-384.76,11.16
131519,2708,12.35,141.00,-384.47,11.61
131544,2708,12.35,146.00,-384.19,11.16
131569,2708,12.35,156.00,-383.91,11.16
131594,2708,12.35,158.00,-383.62,11.61
131619,2708,12.35,152.00,-383.34,11.16
131644,2708,12.35,163.00,-383.05,11.61
131669,2708,12.35,155.00,-382.77,11.16
131694,2708,12.35,147.00,-382.48,11.67
131719,2708,12.35,148.00,-382.20,11.11
131744,2708,12.35,166.00,-381.92,11.16
131769,2708,12.35,157.00,-381.63,11.61
131794,2708,12.35,124.00,-381.35,11.22
131819,2408,12.35,127.00,-381.06,11.61
131844,2408,12.35,28.00,-380.79,10.94
131869,2408,12.35,30.00,-380.52,10.60
131894,2408,12.35,68.00,-380.26,10.72
131919,2408,12.35,92.00,-380.00,10.15
131944,2408,12.35,125.00,-379.74,10.49
131969,2408,12.35,94.00,-379.49,10.04
131994,2408,12.35,149.00,-379.24,9.93
132019,2408,12.35,126.00,-378.98,10.27
132044,2408,12.35,129.00,-378.74,9.87
132069,2408,12.35,117.00,-378.48,10.27
132094,2408,12.35,147.00,-378.23,9.87
132119,2408,12.35,144.00,-377.98,10.27
132144,2408,12.35,155.00,-377.73,9.82
132169,2408,12.35,150.00,-377.49,9.82
132194,2408,12.35,125.00,-377.23,10.27
132219,2408,12.35,134.00,-376.98,9.82
132244,2408,12.35,153.00,-376.73,10.27
132269,2408,12.35,165.00,-376.48,9.82
132294,2408,12.35,129.00,-376.24,9.87
132319,2408,12.35,133.00,-375.98,10.27
132344,2408,12.35,136.00,-375.73,9.82
132369,2408,12.35,123.00,-375.48,10.27
132394,2408,12.35,131.00,-375.23,9.87
132419,2408,12.35,151.00,-374.97,10.27
132444,2408,12.35,158.00,-374.73,9.87
132469,2408,12.35,144.00,-374.48,9.82
132494,2408,12.35,138.00,-374.22,10.27
132519,2408,12.35,120.00,-373.98,9.87
132544,2408,12.35,142.00,-373.72,10.27
132569,2408,12.35,125.00,-373.47,9.87
132594,2408,12.35,148.00,-373.23,9.82
132619,2408,12.35,162.00,-372.97,10.27
132644,2408,12.35,114.00,-372.72,9.87
132669,2408,12.35,132.00,-372.47,10.27
132694,2408,12.35,139.00,-372.22,9.82
132719,2408,12.35,148.00,-371.98,9.82
132744,2408,12.35,127.00,-371.72,10.32
132769,2408,12.35,152.00,-371.47,9.82
132794,2408,12.35,165.00,-371.22,10.21
132819,2084,12.35,127.00,-370.97,9.87
132844,2084,12.35,-2.00,-370.72,9.99
132869,2084,12.35,56.00,-370.49,9.20
132894,2084,12.35,56.00,-370.27,8.92
132919,2084,12.35,105.00,-370.04,9.09
132944,2084,12.35,94.00,-369.82,8.70
132969,2084,12.35,98.00,-369.60,8.92
132994,2084,12.35,138.00,-369.39,8.58
133019,2084,12.35,78.00,-369.17,8.53
133044,2084,12.35,99.00,-368.95,8.86
133069,2084,12.35,133.00,-368.74,8.47
133094,2084,12.35,96.00,-368.52,8.86
133119,2084,12.35,115.00,-368.31,8.47
133144,2084,12.35,138.00,-368.09,8.86
133169,2084,12.35,151.00,-367.87,8.47
133194,2084,12.35,124.00,-367.66,8.47
133219,2084,12.35,117.00,-367.44,8.86
133244,2084,12.35,96.00,-367.23,8.47
133269,2084,12.35,110.00,-367.01,8.81
133294,2084,12.35,124.00,-366.79,8.53
133319,2084,12.35,149.00,-366.58,8.47
133344,2084,12.35,134.00,-366.36,8.81
133369,2084,12.35,141.00,-366.15,8.47
133394,2084,12.35,114.00,-365.93,8.86
133419,2084,12.35,115.00,-365.72,8.41
133444,2084,12.35,99.00,-365.51,8.47
133469,2084,12.35,151.00,-365.29,8.86
133494,2084,12.35,132.00,-365.07,8.47
133519,2084,12.35,144.00,-364.85,8.81
133544,2084,12.35,145.00,-364.64,8.47
133569,2084,12.35,126.00,-364.42,8.81
133594,2084,12.35,133.00,-364.21,8.41
133619,2084,12.35,112.00,-364.00,8.47
133644,2084,12.35,123.00,-363.78,8.81
133669,2084,12.35,113.00,-363.57,8.47
133694,2084,12.35,105.00,-363.35,8.81
133719,2084,12.35,112.00,-363.14,8.47
133744,2084,12.35,126.00,-362.92,8.47
133769,2084,12.35,142.00,-362.70,8.86
133794,2084,12.35,134.00,-362.49,8.47
133819,1738,12.35,115.00,-362.27,8.86
133844,1738,12.35,10.00,-362.06,8.19
133869,1738,12.35,51.00,-361.86,8.08
133894,1738,12.35,59.00,-361.67,7.52
133919,1738,12.35,84.00,-361.49,7.35
133944,1738,12.35,92.00,-361.30,7.52
133969,1738,12.35,81.00,-361.12,7.12
133994,1738,12.35,104.00,-360.94,7.41
134019,1738,12.35,100.00,-360.76,7.01
134044,1738,12.35,97.00,-360.59,7.01
134069,1738,12.35,98.00,-360.41,7.29
134094,1738,12.35,112.00,-360.23,7.01
134119,1738,12.35,122.00,-360.05,7.29
134144,1738,12.35,106.00,-359.87,7.01
134169,1738,12.35,102.00,-359.70,7.01
134194,1738,12.35,121.00,-359.52,7.29
134219,1738,12.35,109.00,-359.34,7.01
134244,1738,12.35,92.00,-359.16,7.29
134269,1738,12.35,118.00,-358.98,6.96
134294,1738,12.35,119.00,-358.80,7.29
134319,1738,12.35,115.00,-358.63,7.01
134344,1738,12.35,101.00,-358.45,7.01
134369,1738,12.35,100.00,-358.27,7.24
134394,1738,12.35,115.00,-358.10,7.01
134419,1738,12.35,98.00,-357.91,7.29
134444,1738,12.35,113.00,-357.74,7.01
134469,1738,12.35,108.00,-357.56,6.96
134494,1738,12.35,98.00,-357.38,7.35
134519,1738,12.35,100.00,-357.20,7.01
134544,1738,12.35,104.00,-357.02,7.29
134569,1738,12.35,102.00,-356.85,7.01
134594,1738,12.35,98.00,-356.66,7.29
134619,1738,12.35,100.00,-356.49,7.01
134644,1738,12.35,106.00,-356.31,7.01
134669,1738,12.35,113.00,-356.13,7.35
134694,1738,12.35,110.00,-355.95,7.07
134719,1738,12.35,108.00,-355.77,7.29
134744,1738,12.35,116.00,-355.60,7.01
134769,1738,12.35,116.00,-355.42,6.96
134794,1738,12.35,99.00,-355.24,7.35
134819,1374,12.35,97.00,-355.06,7.01
134844,1374,12.35,-22.00,-354.89,7.01
134869,1374,12.35,19.00,-354.73,6.23
134894,1374,12.35,46.00,-354.58,6.17
134919,1374,12.35,64.00,-354.43,5.78
134944,1374,12.35,61.00,-354.29,5.67
134969,1374,12.35,80.00,-354.15,5.78
134994,1374,12.35,86.00,-354.01,5.50
135019,1374,12.35,89.00,-353.87,5.72
135044,1374,12.35,91.00,-353.73,5.44
135069,1374,12.35,99.00,-353.59,5.50
135094,1374,12.35,93.00,-353.45,5.67
135119,1374,12.35,80.00,-353.32,5.44
135144,1374,12.35,84.00,-353.17,5.72
135169,1374,12.35,84.00,-353.04,5.44
135194,1374,12.35,77.00,-352.90,5.44
135219,1374,12.35,80.00,-352.76,5.67
135244,1374,12.35,94.00,-352.62,5.44
135269,1374,12.35,101.00,-352.48,5.72
135294,1374,12.35,90.00,-352.34,5.44
135319,1374,12.35,102.00,-352.20,5.67
135344,1374,12.35,75.00,-352.07,5.44
135369,1374,12.35,94.00,-351.93,5.44
135394,1374,12.35,94.00,-351.79,5.67
135419,1374,12.35,85.00,-351.65,5.44
135444,1374,12.35,92.00,-351.51,5.72
135469,1374,12.35,96.00,-351.37,5.44
135494,1374,12.35,74.00,-351.24,5.44
135519,1374,12.35,79.00,-351.09,5.72
135544,1374,12.35,90.00,-350.96,5.44
135569,1374,12.35,82.00,-350.81,5.72
135594,1374,12.35,75.00,-350.68,5.44
135619,1374,12.35,78.00,-350.54,5.72
135644,1374,12.35,73.00,-350.40,5.44
135669,1374,12.35,104.00,-350.26,5.50
135694,1374,12.35,97.00,-350.12,5.67
135719,1374,12.35,86.00,-349.98,5.50
135744,1374,12.35,77.00,-349.84,5.67
135769,1374,12.35,86.00,-349.70,5.50
135794,1374,12.35,81.00,-349.57,5.44
135819,994,12.35,73.00,-349.43,5.72
135844,994,12.35,-14.00,-349.30,5.11
135869,994,12.35,13.00,-349.18,4.82
135894,994,12.35,33.00,-349.07,4.26
135919,994,12.35,51.00,-348.97,4.15
135944,994,12.35,61.00,-348.86,4.21
135969,994,12.35,45.00,-348.76,3.93
135994,994,12.35,57.00,-348.66,4.10
136019,994,12.35,59.00,-348.56,3.87
136044,994,12.35,66.00,-348.46,4.04
136069,994,12.35,61.00,-348.37,3.87
136094,994,12.35,66.00,-348.27,3.87
136119,994,12.35,70.00,-348.17,4.04
136144,994,12.35,64.00,-348.07,3.87
136169,994,12.35,59.00,-347.97,3.98
136194,994,12.35,62.00,-347.88,3.87
136219,994,12.35,58.00,-347.78,3.87
136244,994,12.35,65.00,-347.68,3.98
136269,994,12.35,64.00,-347.58,3.87
136294,994,12.35,66.00,-347.48,4.04
136319,994,12.35,61.00,-347.39,3.81
136344,994,12.35,67.00,-347.28,4.04
136369,994,12.35,66.00,-347.19,3.81
136394,994,12.35,68.00,-347.09,3.87
136419,994,12.35,56.00,-346.99,4.04
136444,994,12.35,58.00,-346.90,3.81
136469,994,12.35,64.00,-346.80,3.98
136494,994,12.35,68.00,-346.70,3.87
136519,994,12.35,79.00,-346.60,3.87
136544,994,12.35,63.00,-346.50,3.98
136569,994,12.35,61.00,-346.41,3.87
136594,994,12.35,62.00,-346.31,3.98
136619,994,12.35,65.00,-346.21,3.87
136644,994,12.35,67.00,-346.12,3.81
136669,994,12.35,57.00,-346.01,4.04
136694,994,12.35,58.00,-345.92,3.81
136719,994,12.35,61.00,-345.82,3.98
136744,994,12.35,70.00,-345.72,3.87
136769,994,12.35,68.00,-345.62,4.04
136794,994,12.35,60.00,-345.53,3.81
136819,601,12.35,60.00,-345.43,3.87
136844,601,12.35,-8.00,-345.34,3.59
136869,601,12.35,15.00,-345.27,2.92
136894,601,12.35,20.00,-345.20,2.75
136919,601,12.35,35.00,-345.14,2.47
136944,601,12.35,35.00,-345.08,2.36
136969,601,12.35,31.00,-345.02,2.41
136994,601,12.35,35.00,-344.96,2.24
137019,601,12.35,45.00,-344.90,2.30
137044,601,12.35,41.00,-344.85,2.24
137069,601,12.35,32.00,-344.79,2.36
137094,601,12.35,38.00,-344.73,2.19
137119,601,12.35,45.00,-344.68,2.24
137144,601,12.35,42.00,-344.62,2.30
137169,601,12.35,32.00,-344.56,2.24
137194,601,12.35,41.00,-344.51,2.30
137219,601,12.35,44.00,-344.45,2.19
137244,601,12.35,34.00,-344.40,2.24
137269,601,12.35,42.00,-344.34,2.30
137294,601,12.35,45.00,-344.28,2.19
137319,601,12.35,37.00,-344.22,2.36
137344,601,12.35,41.00,-344.17,2.19
137369,601,12.35,42.00,-344.12,2.19
137394,601,12.35,38.00,-344.06,2.36
137419,601,12.35,37.00,-344.00,2.19
137444,601,12.35,46.00,-343.94,2.30
137469,601,12.35,35.00,-343.89,2.24
137494,601,12.35,42.00,-343.83,2.30
137519,601,12.35,43.00,-343.78,2.19
137544,601,12.35,43.00,-343.72,2.24
137569,601,12.35,38.00,-343.66,2.30
137594,601,12.35,34.00,-343.61,2.19
137619,601,12.35,43.00,-343.55,2.36
137644,601,12.35,35.00,-343.49,2.19
137669,601,12.35,38.00,-343.44,2.24
137694,601,12.35,44.00,-343.38,2.30
137719,601,12.35,41.00,-343.33,2.19
137744,601,12.35,34.00,-343.27,2.30
137769,601,12.35,44.00,-343.21,2.24
137794,601,12.35,41.00,-343.15,2.30
137819,199,12.35,33.00,-343.10,2.24
137844,199,12.35,1.00,-343.05,1.80
137869,199,12.35,12.00,-343.02,1.29
137894,199,12.35,12.00,-343.00,0.95
137919,199,12.35,18.00,-342.98,0.84
137944,199,12.35,19.00,-342.96,0.67
137969,199,12.35,20.00,-342.94,0.62
137994,199,12.35,19.00,-342.93,0.62
138019,199,12.35,20.00,-342.91,0.56
138044,199,12.35,20.00,-342.90,0.62
138069,199,12.35,20.00,-342.89,0.56
138094,199,12.35,19.00,-342.87,0.62
138119,199,12.35,19.00,-342.86,0.56
138144,199,12.35,19.00,-342.84,0.56
138169,199,12.35,18.00,-342.83,0.56
138194,199,12.35,19.00,-342.81,0.62
138219,199,12.35,20.00,-342.80,0.56
138244,199,12.35,17.00,-342.78,0.56
138269,199,12.35,19.00,-342.77,0.56
138294,199,12.35,18.00,-342.75,0.62
138319,199,12.35,17.00,-342.74,0.50
138344,199,12.35,17.00,-342.73,0.62
138369,199,12.35,19.00,-342.71,0.56
138394,199,12.35,17.00,-342.70,0.56
138419,199,12.35,18.00,-342.68,0.56
138444,199,12.35,17.00,-342.67,0.56
138469,199,12.35,19.00,-342.66,0.62
138494,199,12.35,20.00,-342.64,0.56
138519,199,12.35,21.00,-342.63,0.56
138544,199,12.35,20.00,-342.61,0.56
138569,199,12.35,20.00,-342.60,0.56
138594,199,12.35,20.00,-342.59,0.56
138619,199,12.35,19.00,-342.57,0.62
138644,199,12.35,20.00,-342.56,0.56
138669,199,12.35,20.00,-342.54,0.56
138694,199,12.35,20.00,-342.53,0.56
138719,199,12.35,18.00,-342.51,0.56
138744,199,12.35,22.00,-342.50,0.56
138769,199,12.35,19.00,-342.49,0.56
138794,199,12.35,17.00,-342.47,0.56
138819,-207,12.35,18.00,-342.46,0.62
138844,-207,12.35,29.00,-342.45,0.17
138869,-207,12.35,24.00,-342.46,-0.22
138894,-207,12.35,23.00,-342.47,-0.45
138919,-207,12.35,19.00,-342.48,-0.45
138944,-207,12.35,20.00,-342.49,-0.56
138969,-207,12.35,19.00,-342.51,-0.50
138994,-207,12.35,18.00,-342.52,-0.56
139019,-207,12.35,19.00,-342.54,-0.62
139044,-207,12.35,18.00,-342.55,-0.50
139069,-207,12.35,18.00,-342.56,-0.62
139094,-207,12.35,18.00,-342.58,-0.56
139119,-207,12.35,19.00,-342.59,-0.56
139144,-207,12.35,19.00,-342.61,-0.62
139169,-207,12.35,21.00,-342.62,-0.56
139194,-207,12.35,21.00,-342.64,-0.56
139219,-207,12.35,20.00,-342.65,-0.62
139244,-207,12.35,21.00,-342.67,-0.56
139269,-207,12.35,20.00,-342.68,-0.56
139294,-207,12.35,20.00,-342.69,-0.56
139319,-207,12.35,20.00,-342.71,-0.62
139344,-207,12.35,23.00,-342.72,-0.56
139369,-207,12.35,20.00,-342.74,-0.62
139394,-207,12.35,20.00,-342.75,-0.56
139419,-207,12.35,21.00,-342.77,-0.56
139444,-207,12.35,20.00,-342.78,-0.56
139469,-207,12.35,20.00,-342.80,-0.62
139494,-207,12.35,18.00,-342.81,-0.56
139519,-207,12.35,17.00,-342.82,-0.62
139544,-207,12.35,17.00,-342.84,-0.56
139569,-207,12.35,18.00,-342.85,-0.56
139594,-207,12.35,19.00,-342.87,-0.56
139619,-207,12.35,17.00,-342.88,-0.62
139644,-207,12.35,17.00,-342.90,-0.56
139669,-207,12.35,17.00,-342.91,-0.62
139694,-207,12.35,17.00,-342.93,-0.56
139719,-207,12.35,18.00,-342.94,-0.62
139744,-207,12.35,17.00,-342.96,-0.56
139769,-207,12.35,19.00,-342.97,-0.56
139794,-207,12.35,17.00,-342.98,-0.62
139819,-615,12.35,17.00,-343.00,-0.56
139844,-615,12.35,100.00,-343.02,-0.95
139869,-615,12.35,66.00,-343.06,-1.57
139894,-615,12.35,55.00,-343.11,-1.85
139919,-615,12.35,46.00,-343.16,-2.08
139944,-615,12.35,48.00,-343.21,-2.13
139969,-615,12.35,33.00,-343.27,-2.24
139994,-615,12.35,43.00,-343.32,-2.19
140019,-615,12.35,51.00,-343.38,-2.24
140044,-615,12.35,40.00,-343.44,-2.30
140069,-615,12.35,40.00,-343.49,-2.24
140094,-615,12.35,38.00,-343.55,-2.36
140119,-615,12.35,45.00,-343.61,-2.24
140144,-615,12.35,39.00,-343.67,-2.24
140169,-615,12.35,40.00,-343.72,-2.36
140194,-615,12.35,45.00,-343.78,-2.24
140219,-615,12.35,44.00,-343.84,-2.30
140244,-615,12.35,31.00,-343.90,-2.30
140269,-615,12.35,30.00,-343.95,-2.36
140294,-615,12.35,40.00,-344.01,-2.24
140319,-615,12.35,43.00,-344.07,-2.24
140344,-615,12.35,39.00,-344.13,-2.36
140369,-615,12.35,34.00,-344.18,-2.24
140394,-615,12.35,44.00,-344.24,-2.36
140419,-615,12.35,42.00,-344.30,-2.24
140444,-615,12.35,39.00,-344.35,-2.24
140469,-615,12.35,38.00,-344.41,-2.36
140494,-615,12.35,34.00,-344.47,-2.30
140519,-615,12.35,44.00,-344.53,-2.36
140544,-615,12.35,42.00,-344.58,-2.24
140569,-615,12.35,33.00,-344.64,-2.24
140594,-615,12.35,33.00,-344.70,-2.36
140619,-615,12.35,42.00,-344.75,-2.24
140644,-615,12.35,45.00,-344.81,-2.36
140669,-615,12.35,39.00,-344.87,-2.24
140694,-615,12.35,36.00,-344.93,-2.36
140719,-615,12.35,40.00,-344.98,-2.24
140744,-615,12.35,44.00,-345.04,-2.24
140769,-615,12.35,31.00,-345.10,-2.36
140794,-615,12.35,32.00,-345.16,-2.24
140819,-1020,12.35,44.00,-345.21,-2.36
140844,-1020,12.35,140.00,-345.28,-2.64
140869,-1020,12.35,106.00,-345.36,-3.14
140894,-1020,12.35,81.00,-345.45,-3.65
140919,-1020,12.35,73.00,-345.54,-3.65
140944,-1020,12.35,70.00,-345.64,-3.93
140969,-1020,12.35,70.00,-345.74,-3.81
140994,-1020,12.35,66.00,-345.83,-3.98
141019,-1020,12.35,69.00,-345.93,-3.87
141044,-1020,12.35,64.00,-346.03,-3.93
141069,-1020,12.35,59.00,-346.13,-4.04
141094,-1020,12.35,67.00,-346.23,-3.93
141119,-1020,12.35,62.00,-346.33,-4.04
141144,-1020,12.35,59.00,-346.43,-3.93
141169,-1020,12.35,53.00,-346.52,-3.87
141194,-1020,12.35,67.00,-346.63,-4.10
141219,-1020,12.35,60.00,-346.73,-3.93
141244,-1020,12.35,61.00,-346.83,-4.04
141269,-1020,12.35,68.00,-346.92,-3.93
141294,-1020,12.35,68.00,-347.03,-4.04
141319,-1020,12.35,59.00,-347.12,-3.93
141344,-1020,12.35,51.00,-347.22,-3.93
141369,-1020,12.35,56.00,-347.32,-4.10
141394,-1020,12.35,73.00,-347.42,-3.87
141419,-1020,12.35,67.00,-347.52,-4.10
141444,-1020,12.35,66.00,-347.62,-3.93
141469,-1020,12.35,63.00,-347.72,-3.87
141494,-1020,12.35,63.00,-347.82,-4.10
141519,-1020,12.35,63.00,-347.92,-3.87
141544,-1020,12.35,59.00,-348.02,-4.10
141569,-1020,12.35,62.00,-348.12,-3.87
141594,-1020,12.35,71.00,-348.21,-3.93
141619,-1020,12.35,69.00,-348.32,-4.04
141644,-1020,12.35,57.00,-348.41,-3.93
141669,-1020,12.35,63.00,-348.51,-4.04
141694,-1020,12.35,63.00,-348.61,-3.93
141719,-1020,12.35,64.00,-348.71,-4.04
141744,-1020,12.35,59.00,-348.81,-3.87
141769,-1020,12.35,58.00,-348.91,-3.93
141794,-1020,12.35,67.00,-349.01,-4.04
141819,-1418,12.35,62.00,-349.11,-3.93
141844,-1418,12.35,204.00,-349.22,-4.43
141869,-1418,12.35,179.00,-349.34,-4.77
141894,-1418,12.35,119.00,-349.47,-5.11
141919,-1418,12.35,95.00,-349.60,-5.50
141944,-1418,12.35,113.00,-349.74,-5.33
141969,-1418,12.35,110.00,-349.88,-5.67
141994,-1418,12.35,101.00,-350.02,-5.50
142019,-1418,12.35,97.00,-350.16,-5.72
142044,-1418,12.35,84.00,-350.30,-5.50
142069,-1418,12.35,96.00,-350.43,-5.55
142094,-1418,12.35,87.00,-350.58,-5.78
142119,-1418,12.35,84.00,-350.72,-5.55
142144,-1418,12.35,83.00,-350.86,-5.78
142169,-1418,12.35,86.00,-351.00,-5.55
142194,-1418,12.35,77.00,-351.14,-5.55
142219,-1418,12.35,90.00,-351.29,-5.83
142244,-1418,12.35,86.00,-351.43,-5.61
142269,-1418,12.35,71.00,-351.57,-5.78
142294,-1418,12.35,91.00,-351.71,-5.61
142319,-1418,12.35,86.00,-351.85,-5.55
142344,-1418,12.35,76.00,-352.00,-5.83
142369,-1418,12.35,78.00,-352.13,-5.55
142394,-1418,12.35,86.00,-352.28,-5.83
142419,-1418,12.35,86.00,-352.42,-5.55
142444,-1418,12.35,84.00,-352.57,-5.83
142469,-1418,12.35,95.00,-352.70,-5.55
142494,-1418,12.35,95.00,-352.84,-5.61
142519,-1418,12.35,78.00,-352.99,-5.78
142544,-1418,12.35,77.00,-353.13,-5.61
142569,-1418,12.35,92.00,-353.27,-5.78
142594,-1418,12.35,80.00,-353.41,-5.61
142619,-1418,12.35,75.00,-353.55,-5.55
142644,-1418,12.35,93.00,-353.70,-5.83
142669,-1418,12.35,89.00,-353.84,-5.55
142694,-1418,12.35,76.00,-353.98,-5.83
142719,-1418,12.35,76.00,-354.12,-5.55
142744,-1418,12.35,94.00,-354.27,-5.83
142769,-1418,12.35,88.00,-354.41,-5.55
142794,-1418,12.35,75.00,-354.55,-5.61
142819,-1803,12.35,85.00,-354.69,-5.78
142844,-1803,12.35,223.00,-354.84,-5.89
142869,-1803,12.35,179.00,-355.00,-6.62
142894,-1803,12.35,156.00,-355.17,-6.62
142919,-1803,12.35,142.00,-355.34,-6.73
142944,-1803,12.35,130.00,-355.52,-7.24
142969,-1803,12.35,98.00,-355.69,-6.96
142994,-1803,12.35,104.00,-355.88,-7.35
143019,-1803,12.35,120.00,-356.05,-7.07
143044,-1803,12.35,123.00,-356.23,-7.07
143069,-1803,12.35,106.00,-356.42,-7.41
143094,-1803,12.35,97.00,-356.59,-7.07
143119,-1803,12.35,112.00,-356.78,-7.41
143144,-1803,12.35,94.00,-356.96,-7.12
143169,-1803,12.35,113.00,-357.14,-7.41
143194,-1803,12.35,101.00,-357.32,-7.12
143219,-1803,12.35,101.00,-357.50,-7.12
143244,-1803,12.35,111.00,-357.68,-7.46
143269,-1803,12.35,86.00,-357.86,-7.07
143294,-1803,12.35,128.00,-358.05,-7.46
143319,-1803,12.35,102.00,-358.22,-7.12
143344,-1803,12.35,104.00,-358.40,-7.12
143369,-1803,12.35,95.00,-358.59,-7.41
143394,-1803,12.35,123.00,-358.76,-7.07
143419,-1803,12.35,89.00,-358.95,-7.46
143444,-1803,12.35,111.00,-359.13,-7.07
143469,-1803,12.35,123.00,-359.31,-7.46
143494,-1803,12.35,85.00,-359.49,-7.12
143519,-1803,12.35,125.00,-359.67,-7.07
143544,-1803,12.35,93.00,-359.85,-7.41
143569,-1803,12.35,92.00,-360.03,-7.12
143594,-1803,12.35,118.00,-360.22,-7.46
143619,-1803,12.35,84.00,-360.40,-7.12
143644,-1803,12.35,105.00,-360.57,-7.07
143669,-1803,12.35,99.00,-360.76,-7.41
143694,-1803,12.35,102.00,-360.94,-7.12
143719,-1803,12.35,123.00,-361.12,-7.41
143744,-1803,12.35,102.00,-361.30,-7.12
143769,-1803,12.35,102.00,-361.48,-7.12
143794,-1803,12.35,88.00,-361.66,-7.41
143819,-2173,12.35,112.00,-361.84,-7.12
143844,-2173,12.35,254.00,-362.03,-7.69
143869,-2173,12.35,230.00,-362.23,-7.80
143894,-2173,12.35,194.00,-362.44,-8.47
143919,-2173,12.35,164.00,-362.65,-8.30
143944,-2173,12.35,144.00,-362.86,-8.47
143969,-2173,12.35,118.00,-363.08,-8.86
143994,-2173,12.35,133.00,-363.30,-8.58
144019,-2173,12.35,111.00,-363.52,-8.92
144044,-2173,12.35,111.00,-363.73,-8.64
144069,-2173,12.35,105.00,-363.95,-8.64
144094,-2173,12.35,146.00,-364.18,-8.98
144119,-2173,12.35,130.00,-364.39,-8.64
144144,-2173,12.35,116.00,-364.62,-9.03
144169,-2173,12.35,138.00,-364.83,-8.64
144194,-2173,12.35,132.00,-365.06,-9.03
144219,-2173,12.35,102.00,-365.27,-8.64
144244,-2173,12.35,120.00,-365.49,-8.64
144269,-2173,12.35,121.00,-365.72,-9.03
144294,-2173,12.35,109.00,-365.93,-8.64
144319,-2173,12.35,130.00,-366.16,-9.03
144344,-2173,12.35,126.00,-366.37,-8.64
144369,-2173,12.35,146.00,-366.59,-8.64
144394,-2173,12.35,122.00,-366.81,-8.98
144419,-2173,12.35,95.00,-367.03,-8.64
144444,-2173,12.35,116.00,-367.26,-9.03
144469,-2173,12.35,118.00,-367.47,-8.64
144494,-2173,12.35,102.00,-367.70,-9.03
144519,-2173,12.35,120.00,-367.91,-8.58
144544,-2173,12.35,122.00,-368.13,-8.64
144569,-2173,12.35,144.00,-368.35,-9.03
144594,-2173,12.35,114.00,-368.57,-8.64
144619,-2173,12.35,107.00,-368.80,-9.03
144644,-2173,12.35,104.00,-369.01,-8.64
144669,-2173,12.35,126.00,-369.23,-8.64
144694,-2173,12.35,119.00,-369.45,-9.03
144719,-2173,12.35,134.00,-369.67,-8.64
144744,-2173,12.35,128.00,-369.90,-9.03
144769,-2173,12.35,129.00,-370.11,-8.64
144794,-2173,12.35,109.00,-370.33,-8.70
144819,-2522,12.35,118.00,-370.56,-9.03
144844,-2522,12.35,294.00,-370.78,-8.86
144869,-2522,12.35,253.00,-371.02,-9.76
144894,-2522,12.35,192.00,-371.26,-9.59
144919,-2522,12.35,201.00,-371.51,-10.15
144944,-2522,12.35,168.00,-371.76,-9.93
144969,-2522,12.35,134.00,-372.01,-9.93
144994,-2522,12.35,137.00,-372.27,-10.43
145019,-2522,12.35,175.00,-372.52,-10.04
145044,-2522,12.35,144.00,-372.78,-10.43
145069,-2522,12.35,123.00,-373.04,-10.10
145094,-2522,12.35,151.00,-373.29,-10.04
145119,-2522,12.35,135.00,-373.55,-10.55
145144,-2522,12.35,165.00,-373.80,-10.04
145169,-2522,12.35,154.00,-374.06,-10.49
145194,-2522,12.35,122.00,-374.32,-10.10
145219,-2522,12.35,130.00,-374.58,-10.49
145244,-2522,12.35,118.00,-374.83,-10.10
145269,-2522,12.35,142.00,-375.08,-10.10
145294,-2522,12.35,117.00,-375.35,-10.49
145319,-2522,12.35,141.00,-375.60,-10.10
145344,-2522,12.35,132.00,-375.86,-10.55
145369,-2522,12.35,133.00,-376.11,-10.10
145394,-2522,12.35,160.00,-376.37,-10.10
145419,-2522,12.35,149.00,-376.63,-10.55
145444,-2522,12.35,139.00,-376.88,-10.10
145469,-2522,12.35,120.00,-377.15,-10.55
145494,-2522,12.35,117.00,-377.40,-10.10
145519,-2522,12.35,143.00,-377.65,-10.10
145544,-2522,12.35,121.00,-377.92,-10.55
145569,-2522,12.35,136.00,-378.17,-10.10
145594,-2522,12.35,143.00,-378.43,-10.49
145619,-2522,12.35,106.00,-378.68,-10.10
145644,-2522,12.35,137.00,-378.94,-10.49
145669,-2522,12.35,103.00,-379.20,-10.15
145694,-2522,12.35,146.00,-379.45,-10.10
145719,-2522,12.35,133.00,-379.71,-10.49
145744,-2522,12.35,171.00,-379.97,-10.10
145769,-2522,12.35,147.00,-380.23,-10.55
145794,-2522,12.35,143.00,-380.48,-10.10
145819,-2846,12.35,137.00,-380.73,-10.04
145844,-2846,12.35,300.00,-381.00,-10.77
145869,-2846,12.35,227.00,-381.27,-10.72
145894,-2846,12.35,191.00,-381.55,-11.33
145919,-2846,12.35,230.00,-381.83,-11.11
145944,-2846,12.35,114.00,-382.13,-11.78
145969,-2846,12.35,190.00,-382.41,-11.33
145994,-2846,12.35,112.00,-382.69,-11.33
146019,-2846,12.35,145.00,-382.99,-11.89
146044,-2846,12.35,185.00,-383.27,-11.39
146069,-2846,12.35,191.00,-383.57,-11.89
146094,-2846,12.35,150.00,-383.86,-11.39
146119,-2846,12.35,152.00,-384.14,-11.44
146144,-2846,12.35,130.00,-384.44,-11.95
146169,-2846,12.35,123.00,-384.73,-11.39
146194,-2846,12.35,103.00,-385.02,-11.89
146219,-2846,12.35,114.00,-385.31,-11.44
146244,-2846,12.35,169.00,-385.60,-11.44
146269,-2846,12.35,189.00,-385.89,-11.89
146294,-2846,12.35,172.00,-386.18,-11.39
146319,-2846,12.35,182.00,-386.48,-11.95
146344,-2846,12.35,180.00,-386.76,-11.39
146369,-2846,12.35,139.00,-387.06,-11.84
146394,-2846,12.35,98.00,-387.34,-11.44
146419,-2846,12.35,100.00,-387.63,-11.39
146444,-2846,12.35,122.00,-387.93,-11.95
146469,-2846,12.35,150.00,-388.21,-11.44
146494,-2846,12.35,171.00,-388.51,-11.89
146519,-2846,12.35,204.00,-388.80,-11.44
146544,-2846,12.35,179.00,-389.08,-11.39
146569,-2846,12.35,170.00,-389.38,-11.95
146594,-2846,12.35,147.00,-389.67,-11.44
146619,-2846,12.35,146.00,-389.96,-11.89
146644,-2846,12.35,106.00,-390.25,-11.44
146669,-2846,12.35,154.00,-390.55,-11.89
146694,-2846,12.35,145.00,-390.83,-11.44
146719,-2846,12.35,135.00,-391.12,-11.44
146744,-2846,12.35,119.00,-391.42,-11.89
146769,-2846,12.35,109.00,-391.70,-11.39
146794,-2846,12.35,130.00,-392.00,-11.89
146819,-3141,12.35,159.00,-392.28,-11.44
146844,-3141,12.35,282.00,-392.57,-11.61
146869,-3141,12.35,288.00,-392.89,-12.45
146894,-3141,12.35,239.00,-393.19,-12.12
146919,-3141,12.35,199.00,-393.51,-12.79
146944,-3141,12.35,210.00,-393.82,-12.40
146969,-3141,12.35,192.00,-394.13,-12.51
146994,-3141,12.35,188.00,-394.46,-13.02
147019,-3141,12.35,160.00,-394.77,-12.57
147044,-3141,12.35,145.00,-395.10,-13.07
147069,-3141,12.35,187.00,-395.41,-12.62
147094,-3141,12.35,184.00,-395.74,-13.13
147119,-3141,12.35,183.00,-396.06,-12.62
147144,-3141,12.35,179.00,-396.37,-12.62
147169,-3141,12.35,155.00,-396.70,-13.18
147194,-3141,12.35,159.00,-397.02,-12.62
147219,-3141,12.35,150.00,-397.35,-13.13
147244,-3141,12.35,136.00,-397.66,-12.62
147269,-3141,12.35,167.00,-397.98,-12.62
147294,-3141,12.35,174.00,-398.31,-13.18
147319,-3141,12.35,179.00,-398.62,-12.62
147344,-3141,12.35,172.00,-398.95,-13.13
147369,-3141,12.35,151.00,-399.27,-12.62
147394,-3141,12.35,154.00,-399.59,-13.13
147419,-3141,12.35,155.00,-399.91,-12.62
147444,-3141,12.35,148.00,-400.22,-12.62
147469,-3141,12.35,142.00,-400.55,-13.13
147494,-3141,12.35,132.00,-400.87,-12.62
147519,-3141,12.35,154.00,-401.20,-13.18
147544,-3141,12.35,158.00,-401.51,-12.62
147569,-3141,12.35,167.00,-401.83,-12.62
147594,-3141,12.35,159.00,-402.16,-13.18
147619,-3141,12.35,180.00,-402.47,-12.62
147644,-3141,12.35,152.00,-402.80,-13.18
147669,-3141,12.35,141.00,-403.12,-12.62
147694,-3141,12.35,150.00,-403.45,-13.13
147719,-3141,12.35,138.00,-403.76,-12.62
147744,-3141,12.35,136.00,-404.08,-12.62
147769,-3141,12.35,155.00,-404.41,-13.18
147794,-3141,12.35,159.00,-404.72,-12.62
147819,-3402,12.35,170.00,-405.05,-13.13
147844,-3402,12.35,279.00,-405.37,-12.79
147869,-3402,12.35,243.00,-405.70,-13.02
147894,-3402,12.35,235.00,-406.04,-13.80
147919,-3402,12.35,195.00,-406.38,-13.41
147944,-3402,12.35,225.00,-406.73,-14.02
147969,-3402,12.35,175.00,-407.07,-13.52
147994,-3402,12.35,204.00,-407.41,-13.58
148019,-3402,12.35,170.00,-407.76,-14.19
148044,-3402,12.35,168.00,-408.10,-13.69
148069,-3402,12.35,195.00,-408.46,-14.25
148094,-3402,12.35,179.00,-408.80,-13.63
148119,-3402,12.35,174.00,-409.16,-14.31
148144,-3402,12.35,139.00,-409.50,-13.69
148169,-3402,12.35,147.00,-409.84,-13.69
148194,-3402,12.35,148.00,-410.20,-14.25
148219,-3402,12.35,150.00,-410.54,-13.69
148244,-3402,12.35,179.00,-410.90,-14.25
148269,-3402,12.35,172.00,-411.24,-13.69
148294,-3402,12.35,159.00,-411.58,-13.69
148319,-3402,12.35,159.00,-411.94,-14.25
148344,-3402,12.35,139.00,-412.28,-13.63
148369,-3402,12.35,171.00,-412.63,-14.25
148394,-3402,12.35,161.00,-412.98,-13.74
148419,-3402,12.35,169.00,-413.33,-14.25
148444,-3402,12.35,168.00,-413.68,-13.69
148469,-3402,12.35,172.00,-414.02,-13.69
148494,-3402,12.35,153.00,-414.38,-14.31
148519,-3402,12.35,149.00,-414.72,-13.69
148544,-3402,12.35,159.00,-415.08,-14.31
148569,-3402,12.35,133.00,-415.42,-13.69
148594,-3402,12.35,157.00,-415.76,-13.74
148619,-3402,12.35,165.00,-416.12,-14.25
148644,-3402,12.35,189.00,-416.46,-13.74
148669,-3402,12.35,174.00,-416.82,-14.25
148694,-3402,12.35,151.00,-417.16,-13.69
148719,-3402,12.35,155.00,-417.50,-13.74
148744,-3402,12.35,169.00,-417.86,-14.25
148769,-3402,12.35,151.00,-418.20,-13.74
148794,-3402,12.35,150.00,-418.56,-14.25
148819,-3627,12.35,169.00,-418.90,-13.69
148844,-3627,12.35,304.00,-419.26,-14.42
148869,-3627,12.35,275.00,-419.61,-14.08
148894,-3627,12.35,243.00,-419.97,-14.25
148919,-3627,12.35,206.00,-420.34,-14.92
148944,-3627,12.35,200.00,-420.71,-14.47
148969,-3627,12.35,190.00,-421.08,-15.09
148994,-3627,12.35,172.00,-421.45,-14.53
149019,-3627,12.35,175.00,-421.81,-14.59
149044,-3627,12.35,160.00,-422.19,-15.15
149069,-3627,12.35,174.00,-422.55,-14.59
149094,-3627,12.35,163.00,-422.93,-15.20
149119,-3627,12.35,175.00,-423.30,-14.59
149144,-3627,12.35,166.00,-423.68,-15.20
149169,-3627,12.35,186.00,-424.04,-14.59
149194,-3627,12.35,170.00,-424.41,-14.59
149219,-3627,12.35,183.00,-424.79,-15.20
149244,-3627,12.35,181.00,-425.15,-14.59
149269,-3627,12.35,179.00,-425.53,-15.20
149294,-3627,12.35,170.00,-425.90,-14.59
149319,-3627,12.35,182.00,-426.26,-14.64
149344,-3627,12.35,168.00,-426.64,-15.20
149369,-3627,12.35,151.00,-427.01,-14.64
149394,-3627,12.35,155.00,-427.39,-15.20
149419,-3627,12.35,172.00,-427.76,-14.64
149444,-3627,12.35,161.00,-428.12,-14.59
149469,-3627,12.35,160.00,-428.50,-15.26
149494,-3627,12.35,176.00,-428.87,-14.64
149519,-3627,12.35,185.00,-429.25,-15.20
149544,-3627,12.35,172.00,-429.61,-14.59
149569,-3627,12.35,166.00,-429.99,-15.26
149594,-3627,12.35,178.00,-430.36,-14.59
149619,-3627,12.35,173.00,-430.73,-14.64
149644,-3627,12.35,178.00,-431.11,-15.20
149669,-3627,12.35,162.00,-431.47,-14.59
149694,-3627,12.35,170.00,-431.85,-15.26
149719,-3627,12.35,173.00,-432.22,-14.59
149744,-3627,12.35,157.00,-432.58,-14.64
149769,-3627,12.35,152.00,-432.96,-15.20
149794,-3627,12.35,165.00,-433.33,-14.64
149819,-3811,12.35,173.00,-433.71,-15.26
149844,-3811,12.35,293.00,-434.08,-14.70
149869,-3811,12.35,254.00,-434.47,-15.54
149894,-3811,12.35,229.00,-434.84,-15.09
149919,-3811,12.35,225.00,-435.22,-15.15
149944,-3811,12.35,196.00,-435.62,-15.82
149969,-3811,12.35,192.00,-436.00,-15.26
149994,-3811,12.35,205.00,-436.40,-15.93
150019,-3811,12.35,186.00,-436.78,-15.26
150044,-3811,12.35,184.00,-437.16,-15.32
150069,-3811,12.35,172.00,-437.56,-15.99
150094,-3811,12.35,189.00,-437.94,-15.32
150119,-3811,12.35,182.00,-438.34,-15.99
150144,-3811,12.35,176.00,-438.73,-15.37
150169,-3811,12.35,174.00,-439.11,-15.37
150194,-3811,12.35,174.00,-439.51,-15.99
150219,-3811,12.35,172.00,-439.90,-15.37
150244,-3811,12.35,168.00,-440.30,-16.04
150269,-3811,12.35,172.00,-440.68,-15.32
150294,-3811,12.35,174.00,-441.08,-16.04
150319,-3811,12.35,166.00,-441.46,-15.32
150344,-3811,12.35,199.00,-441.85,-15.43
150369,-3811,12.35,159.00,-442.25,-15.99
150394,-3811,12.35,182.00,-442.63,-15.37
150419,-3811,12.35,182.00,-443.03,-15.99
150444,-3811,12.35,180.00,-443.42,-15.32
150469,-3811,12.35,182.00,-443.80,-15.37
150494,-3811,12.35,172.00,-444.20,-16.04
150519,-3811,12.35,181.00,-444.58,-15.32
150544,-3811,12.35,199.00,-444.99,-16.04
150569,-3811,12.35,168.00,-445.37,-15.32
150594,-3811,12.35,187.00,-445.77,-16.04
150619,-3811,12.35,161.00,-446.15,-15.32
150644,-3811,12.35,179.00,-446.54,-15.37
150669,-3811,12.35,160.00,-446.94,-16.04
150694,-3811,12.35,177.00,-447.32,-15.37
150719,-3811,12.35,172.00,-447.72,-15.99
150744,-3811,12.35,185.00,-448.11,-15.37
150769,-3811,12.35,162.00,-448.49,-15.37
150794,-3811,12.35,175.00,-448.89,-15.99
150819,-3951,12.35,174.00,-449.27,-15.37
150844,-3951,12.35,279.00,-449.68,-16.10
150869,-3951,12.35,243.00,-450.07,-15.54
150894,-3951,12.35,218.00,-450.47,-16.33
150919,-3951,12.35,228.00,-450.87,-15.76
150944,-3951,12.35,216.00,-451.26,-15.82
150969,-3951,12.35,190.00,-451.68,-16.49
150994,-3951,12.35,194.00,-452.07,-15.88
151019,-3951,12.35,186.00,-452.49,-16.55
151044,-3951,12.35,191.00,-452.88,-15.93
151069,-3951,12.35,187.00,-453.28,-15.93
151094,-3951,12.35,182.00,-453.70,-16.55
151119,-3951,12.35,182.00,-454.09,-15.93
151144,-3951,12.35,180.00,-454.51,-16.61
151169,-3951,12.35,199.00,-454.91,-15.93
151194,-3951,12.35,188.00,-455.31,-15.93
151219,-3951,12.35,182.00,-455.72,-16.61
151244,-3951,12.35,185.00,-456.12,-15.88
151269,-3951,12.35,186.00,-456.53,-16.61
151294,-3951,12.35,179.00,-456.93,-15.93
151319,-3951,12.35,193.00,-457.35,-16.61
151344,-3951,12.35,181.00,-457.75,-15.93
151369,-3951,12.35,187.00,-458.15,-15.99
151394,-3951,12.35,172.00,-458.56,-16.61
151419,-3951,12.35,181.00,-458.96,-15.93
151444,-3951,12.35,179.00,-459.38,-16.66
151469,-3951,12.35,191.00,-459.77,-15.93
151494,-3951,12.35,178.00,-460.17,-15.93
151519,-3951,12.35,190.00,-460.59,-16.66
151544,-3951,12.35,177.00,-460.99,-15.93
151569,-3951,12.35,178.00,-461.40,-16.55
151594,-3951,12.35,176.00,-461.80,-15.93
151619,-3951,12.35,193.00,-462.21,-16.61
151644,-3951,12.35,181.00,-462.61,-15.99
151669,-3951,12.35,182.00,-463.01,-15.88
151694,-3951,12.35,173.00,-463.43,-16.61
151719,-3951,12.35,184.00,-463.82,-15.93
151744,-3951,12.35,181.00,-464.24,-16.61
151769,-3951,12.35,188.00,-464.64,-15.99
151794,-3951,12.35,176.00,-465.04,-15.93
151819,-4046,12.35,182.00,-465.45,-16.61
151844,-4046,12.35,239.00,-465.85,-16.04
151869,-4046,12.35,230.00,-466.27,-16.77
151894,-4046,12.35,217.00,-466.68,-16.16
151919,-4046,12.35,210.00,-467.08,-16.21
151944,-4046,12.35,198.00,-467.51,-16.94
151969,-4046,12.35,198.00,-467.91,-16.27
151994,-4046,12.35,199.00,-468.34,-16.94
152019,-4046,12.35,194.00,-468.74,-16.27
152044,-4046,12.35,190.00,-469.17,-17.00
152069,-4046,12.35,191.00,-469.57,-16.27
152094,-4046,12.35,181.00,-469.98,-16.33
152119,-4046,12.35,172.00,-470.41,-17.00
152144,-4046,12.35,181.00,-470.82,-16.33
152169,-4046,12.35,176.00,-471.24,-17.00
152194,-4046,12.35,188.00,-471.65,-16.33
152219,-4046,12.35,192.00,-472.06,-16.33
152244,-4046,12.35,199.00,-472.48,-17.00
152269,-4046,12.35,182.00,-472.89,-16.33
152294,-4046,12.35,193.00,-473.31,-17.00
152319,-4046,12.35,181.00,-473.72,-16.33
152344,-4046,12.35,198.00,-474.15,-17.00
152369,-4046,12.35,191.00,-474.56,-16.33
152394,-4046,12.35,199.00,-474.96,-16.33
152419,-4046,12.35,197.00,-475.39,-17.00
152444,-4046,12.35,190.00,-475.80,-16.27
152469,-4046,12.35,185.00,-476.22,-17.00
152494,-4046,12.35,179.00,-476.63,-16.33
152519,-4046,12.35,185.00,-477.04,-16.33
152544,-4046,12.35,177.00,-477.46,-17.00
152569,-4046,12.35,189.00,-477.87,-16.33
152594,-4046,12.35,186.00,-478.30,-17.05
152619,-4046,12.35,187.00,-478.70,-16.33
152644,-4046,12.35,174.00,-479.11,-16.27
152669,-4046,12.35,177.00,-479.54,-17.00
152694,-4046,12.35,174.00,-479.94,-16.33
152719,-4046,12.35,185.00,-480.37,-17.00
152744,-4046,12.35,186.00,-480.78,-16.33
152769,-4046,12.35,200.00,-481.20,-16.94
152794,-4046,12.35,194.00,-481.61,-16.33
152819,-4092,12.35,197.00,-482.02,-16.33
152844,-4092,12.35,223.00,-482.44,-17.00
152869,-4092,12.35,203.00,-482.85,-16.38
152894,-4092,12.35,205.00,-483.28,-17.17
152919,-4092,12.35,202.00,-483.69,-16.44
152944,-4092,12.35,187.00,-484.10,-16.49
152969,-4092,12.35,193.00,-484.53,-17.17
152994,-4092,12.35,182.00,-484.94,-16.44
153019,-4092,12.35,198.00,-485.37,-17.22
153044,-4092,12.35,198.00,-485.79,-16.49
153069,-4092,12.35,188.00,-486.22,-17.17
153094,-4092,12.35,201.00,-486.63,-16.49
153119,-4092,12.35,186.00,-487.04,-16.49
153144,-4092,12.35,191.00,-487.47,-17.17
153169,-4092,12.35,181.00,-487.88,-16.49
153194,-4092,12.35,196.00,-488.31,-17.22
153219,-4092,12.35,203.00,-488.73,-16.49
153244,-4092,12.35,183.00,-489.14,-16.49
153269,-4092,12.35,201.00,-489.57,-17.22
153294,-4092,12.35,179.00,-489.98,-16.49
153319,-4092,12.35,186.00,-490.41,-17.22
153344,-4092,12.35,185.00,-490.82,-16.49
153369,-4092,12.35,198.00,-491.24,-16.49
153394,-4092,12.35,180.00,-491.66,-17.17
153419,-4092,12.35,204.00,-492.08,-16.55
153444,-4092,12.35,187.00,-492.51,-17.17
153469,-4092,12.35,184.00,-492.92,-16.49
153494,-4092,12.35,186.00,-493.35,-17.22
153519,-4092,12.35,193.00,-493.76,-16.49
153544,-4092,12.35,197.00,-494.18,-16.49
153569,-4092,12.35,184.00,-494.60,-17.17
153594,-4092,12.35,206.00,-495.02,-16.49
153619,-4092,12.35,188.00,-495.45,-17.22
153644,-4092,12.35,182.00,-495.86,-16.49
153669,-4092,12.35,180.00,-496.27,-16.49
153694,-4092,12.35,182.00,-496.70,-17.22
153719,-4092,12.35,190.00,-497.11,-16.49
153744,-4092,12.35,195.00,-497.54,-17.17
153769,-4092,12.35,200.00,-497.96,-16.55
153794,-4092,12.35,172.00,-498.39,-17.17
153819,-4088,12.35,196.00,-498.80,-16.49
153844,-4088,12.35,181.00,-499.21,-16.49
153869,-4088,12.35,180.00,-499.64,-17.17
153894,-4088,12.35,191.00,-500.05,-16.49
153919,-4088,12.35,198.00,-500.48,-17.11
153944,-4088,12.35,193.00,-500.89,-16.49
153969,-4088,12.35,184.00,-501.31,-16.49
153994,-4088,12.35,186.00,-501.73,-17.17
154019,-4088,12.35,190.00,-502.15,-16.49
154044,-4088,12.35,186.00,-502.58,-17.22
154069,-4088,12.35,193.00,-502.99,-16.49
154094,-4088,12.35,174.00,-503.42,-17.17
154119,-4088,12.35,199.00,-503.83,-16.49
154144,-4088,12.35,189.00,-504.24,-16.49
154169,-4088,12.35,185.00,-504.67,-17.17
154194,-4088,12.35,182.00,-505.09,-16.49
154219,-4088,12.35,181.00,-505.51,-17.17
154244,-4088,12.35,195.00,-505.93,-16.49
154269,-4088,12.35,189.00,-506.34,-16.44
154294,-4088,12.35,202.00,-506.77,-17.17
154319,-4088,12.35,190.00,-507.18,-16.49
154344,-4088,12.35,177.00,-507.61,-17.17
154369,-4088,12.35,193.00,-508.02,-16.49
154394,-4088,12.35,179.00,-508.43,-16.49
154419,-4088,12.35,197.00,-508.86,-17.17
154444,-4088,12.35,186.00,-509.27,-16.49
154469,-4088,12.35,186.00,-509.71,-17.22
154494,-4088,12.35,182.00,-510.12,-16.49
154519,-4088,12.35,182.00,-510.55,-17.17
154544,-4088,12.35,187.00,-510.96,-16.49
154569,-4088,12.35,174.00,-511.37,-16.49
154594,-4088,12.35,194.00,-511.80,-17.17
154619,-4088,12.35,190.00,-512.21,-16.49
154644,-4088,12.35,187.00,-512.64,-17.17
154669,-4088,12.35,209.00,-513.05,-16.44
154694,-4088,12.35,186.00,-513.47,-16.49
154719,-4088,12.35,187.00,-513.89,-17.17
154744,-4088,12.35,182.00,-514.31,-16.49
154769,-4088,12.35,180.00,-514.74,-17.17
154794,-4088,12.35,188.00,-515.15,-16.49
154819,-4032,12.35,191.00,-515.58,-17.22
154844,-4032,12.35,157.00,-515.99,-16.44
154869,-4032,12.35,158.00,-516.40,-16.44
154894,-4032,12.35,158.00,-516.83,-17.05
154919,-4032,12.35,167.00,-517.24,-16.33
154944,-4032,12.35,186.00,-517.66,-17.00
154969,-4032,12.35,178.00,-518.07,-16.27
154994,-4032,12.35,181.00,-518.48,-16.33
155019,-4032,12.35,176.00,-518.90,-16.94
155044,-4032,12.35,188.00,-519.31,-16.27
155069,-4032,12.35,187.00,-519.73,-16.94
155094,-4032,12.35,180.00,-520.14,-16.27
155119,-4032,12.35,180.00,-520.54,-16.27
155144,-4032,12.35,179.00,-520.97,-16.94
155169,-4032,12.35,174.00,-521.37,-16.27
155194,-4032,12.35,174.00,-521.80,-16.94
155219,-4032,12.35,164.00,-522.20,-16.33
155244,-4032,12.35,173.00,-522.63,-16.94
155269,-4032,12.35,169.00,-523.03,-16.27
155294,-4032,12.35,181.00,-523.44,-16.27
155319,-4032,12.35,171.00,-523.86,-16.94
155344,-4032,12.35,179.00,-524.27,-16.27
155369,-4032,12.35,177.00,-524.69,-16.89
155394,-4032,12.35,194.00,-525.10,-16.27
155419,-4032,12.35,186.00,-525.51,-16.27
155444,-4032,12.35,188.00,-525.93,-16.94
155469,-4032,12.35,179.00,-526.34,-16.21
155494,-4032,12.35,182.00,-526.76,-17.00
155519,-4032,12.35,187.00,-527.17,-16.27
155544,-4032,12.35,190.00,-527.59,-16.94
155569,-4032,12.35,189.00,-528.00,-16.27
155594,-4032,12.35,184.00,-528.40,-16.27
155619,-4032,12.35,187.00,-528.83,-16.94
155644,-4032,12.35,194.00,-529.23,-16.27
155669,-4032,12.35,193.00,-529.66,-16.94
155694,-4032,12.35,191.00,-530.07,-16.27
155719,-4032,12.35,184.00,-530.47,-16.27
155744,-4032,12.35,185.00,-530.90,-16.94
155769,-4032,12.35,188.00,-531.30,-16.27
155794,-4032,12.35,193.00,-531.72,-16.89
155819,-3926,12.35,182.00,-532.13,-16.27
155844,-3926,12.35,124.00,-532.54,-16.21
155869,-3926,12.35,135.00,-532.95,-16.72
155894,-3926,12.35,139.00,-533.36,-16.04
155919,-3926,12.35,148.00,-533.77,-16.66
155944,-3926,12.35,157.00,-534.17,-15.93
155969,-3926,12.35,174.00,-534.59,-16.61
155994,-3926,12.35,176.00,-534.98,-15.88
156019,-3926,12.35,175.00,-535.38,-15.88
156044,-3926,12.35,164.00,-535.79,-16.49
156069,-3926,12.35,162.00,-536.19,-15.88
156094,-3926,12.35,183.00,-536.60,-16.55
156119,-3926,12.35,177.00,-537.00,-15.82
156144,-3926,12.35,187.00,-537.39,-15.88
156169,-3926,12.35,180.00,-537.81,-16.49
156194,-3926,12.35,173.00,-538.20,-15.82
156219,-3926,12.35,186.00,-538.61,-16.49
156244,-3926,12.35,185.00,-539.01,-15.88
156269,-3926,12.35,175.00,-539.42,-16.49
156294,-3926,12.35,168.00,-539.82,-15.88
156319,-3926,12.35,189.00,-540.22,-15.82
156344,-3926,12.35,185.00,-540.63,-16.55
156369,-3926,12.35,183.00,-541.03,-15.88
156394,-3926,12.35,179.00,-541.44,-16.49
156419,-3926,12.35,170.00,-541.84,-15.88
156444,-3926,12.35,187.00,-542.23,-15.88
156469,-3926,12.35,185.00,-542.64,-16.44
156494,-3926,12.35,170.00,-543.04,-15.88
156519,-3926,12.35,177.00,-543.45,-16.49
156544,-3926,12.35,190.00,-543.85,-15.88
156569,-3926,12.35,183.00,-544.25,-15.82
156594,-3926,12.35,179.00,-544.66,-16.49
156619,-3926,12.35,179.00,-545.05,-15.82
156644,-3926,12.35,183.00,-545.47,-16.49
156669,-3926,12.35,176.00,-545.86,-15.88
156694,-3926,12.35,187.00,-546.28,-16.49
156719,-3926,12.35,174.00,-546.67,-15.88
156744,-3926,12.35,177.00,-547.07,-15.88
156769,-3926,12.35,187.00,-547.48,-16.55
156794,-3926,12.35,180.00,-547.88,-15.88
156819,-3769,12.35,176.00,-548.29,-16.55
156844,-3769,12.35,74.00,-548.69,-15.76
156869,-3769,12.35,114.00,-549.08,-15.60
156894,-3769,12.35,124.00,-549.48,-16.10
156919,-3769,12.35,129.00,-549.87,-15.43
156944,-3769,12.35,147.00,-550.26,-15.93
156969,-3769,12.35,162.00,-550.65,-15.32
156994,-3769,12.35,146.00,-551.05,-15.93
157019,-3769,12.35,161.00,-551.43,-15.26
157044,-3769,12.35,183.00,-551.81,-15.26
157069,-3769,12.35,174.00,-552.21,-15.88
157094,-3769,12.35,162.00,-552.59,-15.20
157119,-3769,12.35,164.00,-552.98,-15.88
157144,-3769,12.35,170.00,-553.36,-15.20
157169,-3769,12.35,172.00,-553.74,-15.26
157194,-3769,12.35,183.00,-554.14,-15.88
157219,-3769,12.35,157.00,-554.52,-15.20
157244,-3769,12.35,169.00,-554.92,-15.88
157269,-3769,12.35,182.00,-555.30,-15.20
157294,-3769,12.35,170.00,-555.69,-15.82
157319,-3769,12.35,178.00,-556.07,-15.20
157344,-3769,12.35,175.00,-556.45,-15.20
157369,-3769,12.35,182.00,-556.85,-15.82
157394,-3769,12.35,165.00,-557.23,-15.20
157419,-3769,12.35,180.00,-557.62,-15.82
157444,-3769,12.35,172.00,-558.00,-15.20
157469,-3769,12.35,152.00,-558.38,-15.20
157494,-3769,12.35,187.00,-558.78,-15.88
157519,-3769,12.35,167.00,-559.16,-15.20
157544,-3769,12.35,188.00,-559.56,-15.82
157569,-3769,12.35,175.00,-559.94,-15.20
157594,-3769,12.35,171.00,-560.32,-15.26
157619,-3769,12.35,180.00,-560.71,-15.82
157644,-3769,12.35,164.00,-561.09,-15.20
157669,-3769,12.35,172.00,-561.49,-15.88
157694,-3769,12.35,185.00,-561.87,-15.20
157719,-3769,12.35,165.00,-562.27,-15.82
157744,-3769,12.35,194.00,-562.65,-15.20
157769,-3769,12.35,162.00,-563.03,-15.20
157794,-3769,12.35,186.00,-563.42,-15.82
157819,-3561,12.35,162.00,-563.80,-15.20
157844,-3561,12.35,54.00,-564.20,-15.71
157869,-3561,12.35,95.00,-564.57,-14.87
157894,-3561,12.35,110.00,-564.93,-14.70
157919,-3561,12.35,135.00,-565.32,-15.26
157944,-3561,12.35,148.00,-565.68,-14.53
157969,-3561,12.35,147.00,-566.06,-15.09
157994,-3561,12.35,154.00,-566.42,-14.47
158019,-3561,12.35,166.00,-566.79,-15.03
158044,-3561,12.35,162.00,-567.15,-14.42
158069,-3561,12.35,140.00,-567.51,-14.36
158094,-3561,12.35,192.00,-567.89,-14.98
158119,-3561,12.35,173.00,-568.25,-14.42
158144,-3561,12.35,174.00,-568.62,-14.92
158169,-3561,12.35,174.00,-568.98,-14.36
158194,-3561,12.35,175.00,-569.34,-14.36
158219,-3561,12.35,157.00,-569.71,-14.92
158244,-3561,12.35,165.00,-570.07,-14.36
158269,-3561,12.35,176.00,-570.44,-14.92
158294,-3561,12.35,153.00,-570.80,-14.36
158319,-3561,12.35,170.00,-571.16,-14.42
158344,-3561,12.35,173.00,-571.54,-14.98
158369,-3561,12.35,168.00,-571.90,-14.36
158394,-3561,12.35,150.00,-572.27,-14.98
158419,-3561,12.35,166.00,-572.63,-14.36
158444,-3561,12.35,183.00,-573.00,-14.92
158469,-3561,12.35,148.00,-573.36,-14.42
158494,-3561,12.35,183.00,-573.72,-14.36
158519,-3561,12.35,180.00,-574.10,-14.98
158544,-3561,12.35,167.00,-574.46,-14.36
158569,-3561,12.35,175.00,-574.83,-14.92
158594,-3561,12.35,173.00,-575.19,-14.36
158619,-3561,12.35,156.00,-575.55,-14.31
158644,-3561,12.35,171.00,-575.92,-14.92
158669,-3561,12.35,163.00,-576.28,-14.36
158694,-3561,12.35,146.00,-576.65,-14.98
158719,-3561,12.35,166.00,-577.01,-14.36
158744,-3561,12.35,175.00,-577.39,-14.92
158769,-3561,12.35,147.00,-577.74,-14.36
158794,-3561,12.35,169.00,-578.10,-14.36
158819,-3305,12.35,179.00,-578.48,-14.98
158844,-3305,12.35,-14.00,-578.83,-14.19
158869,-3305,12.35,73.00,-579.20,-14.53
158894,-3305,12.35,88.00,-579.54,-13.74
158919,-3305,12.35,109.00,-579.88,-13.63
158944,-3305,12.35,141.00,-580.23,-14.08
158969,-3305,12.35,138.00,-580.57,-13.46
158994,-3305,12.35,168.00,-580.92,-13.91
159019,-3305,12.35,159.00,-581.25,-13.35
159044,-3305,12.35,155.00,-581.58,-13.35
159069,-3305,12.35,127.00,-581.93,-13.91
159094,-3305,12.35,146.00,-582.26,-13.30
159119,-3305,12.35,165.00,-582.61,-13.86
159144,-3305,12.35,164.00,-582.94,-13.30
159169,-3305,12.35,165.00,-583.29,-13.91
159194,-3305,12.35,150.00,-583.62,-13.30
159219,-3305,12.35,175.00,-583.96,-13.30
159244,-3305,12.35,151.00,-584.30,-13.86
159269,-3305,12.35,167.00,-584.64,-13.35
159294,-3305,12.35,147.00,-584.98,-13.91
159319,-3305,12.35,143.00,-585.32,-13.30
159344,-3305,12.35,185.00,-585.65,-13.30
159369,-3305,12.35,158.00,-586.00,-13.86
159394,-3305,12.35,171.00,-586.33,-13.35
159419,-3305,12.35,139.00,-586.67,-13.80
159444,-3305,12.35,162.00,-587.01,-13.30
159469,-3305,12.35,163.00,-587.35,-13.80
159494,-3305,12.35,142.00,-587.68,-13.30
159519,-3305,12.35,167.00,-588.02,-13.30
159544,-3305,12.35,177.00,-588.36,-13.80
159569,-3305,12.35,149.00,-588.69,-13.30
159594,-3305,12.35,172.00,-589.04,-13.80
159619,-3305,12.35,143.00,-589.37,-13.35
159644,-3305,12.35,152.00,-589.71,-13.30
159669,-3305,12.35,138.00,-590.05,-13.86
159694,-3305,12.35,166.00,-590.38,-13.30
159719,-3305,12.35,172.00,-590.73,-13.86
159744,-3305,12.35,160.00,-591.06,-13.30
159769,-3305,12.35,162.00,-591.39,-13.24
159794,-3305,12.35,180.00,-591.74,-13.86
159819,-3003,12.35,168.00,-592.07,-13.30
159844,-3003,12.35,1.00,-592.41,-13.63
159869,-3003,12.35,42.00,-592.73,-12.79
159894,-3003,12.35,46.00,-593.06,-13.02
159919,-3003,12.35,109.00,-593.37,-12.40
159944,-3003,12.35,89.00,-593.68,-12.29
159969,-3003,12.35,128.00,-593.99,-12.73
159994,-3003,12.35,131.00,-594.30,-12.12
160019,-3003,12.35,119.00,-594.61,-12.57
160044,-3003,12.35,136.00,-594.91,-12.06
160069,-3003,12.35,134.00,-595.22,-12.12
160094,-3003,12.35,144.00,-595.53,-12.57
160119,-3003,12.35,154.00,-595.83,-12.01
160144,-3003,12.35,140.00,-596.15,-12.62
160169,-3003,12.35,156.00,-596.45,-12.06
160194,-3003,12.35,156.00,-596.76,-12.57
160219,-3003,12.35,141.00,-597.06,-12.06
160244,-3003,12.35,147.00,-597.36,-12.06
160269,-3003,12.35,154.00,-597.68,-12.57
160294,-3003,12.35,145.00,-597.98,-12.06
160319,-3003,12.35,160.00,-598.29,-12.57
160344,-3003,12.35,142.00,-598.60,-12.06
160369,-3003,12.35,117.00,-598.90,-12.01
160394,-3003,12.35,121.00,-599.21,-12.57
160419,-3003,12.35,111.00,-599.51,-12.06
160444,-3003,12.35,103.00,-599.82,-12.51
160469,-3003,12.35,140.00,-600.13,-12.06
160494,-3003,12.35,165.00,-600.44,-12.51
160519,-3003,12.35,186.00,-600.74,-12.01
160544,-3003,12.35,162.00,-601.04,-12.06
160569,-3003,12.35,173.00,-601.35,-12.57
160594,-3003,12.35,179.00,-601.66,-12.06
160619,-3003,12.35,169.00,-601.97,-12.57
160644,-3003,12.35,160.00,-602.27,-12.01
160669,-3003,12.35,156.00,-602.57,-12.06
160694,-3003,12.35,184.00,-602.89,-12.57
160719,-3003,12.35,165.00,-603.19,-12.06
160744,-3003,12.35,154.00,-603.50,-12.57
160769,-3003,12.35,171.00,-603.80,-12.06
160794,-3003,12.35,155.00,-604.10,-12.06
160819,-2659,12.35,146.00,-604.42,-12.57
160844,-2659,12.35,-41.00,-604.71,-11.84
160869,-2659,12.35,-33.00,-605.01,-11.89
160894,-2659,12.35,40.00,-605.29,-11.11
160919,-2659,12.35,106.00,-605.57,-11.39
160944,-2659,12.35,126.00,-605.84,-10.83
160969,-2659,12.35,93.00,-606.11,-10.77
160994,-2659,12.35,159.00,-606.39,-11.16
161019,-2659,12.35,100.00,-606.66,-10.66
161044,-2659,12.35,135.00,-606.94,-11.05
161069,-2659,12.35,100.00,-607.20,-10.66
161094,-2659,12.35,159.00,-607.47,-10.66
161119,-2659,12.35,174.00,-607.75,-11.11
161144,-2659,12.35,120.00,-608.01,-10.60
161169,-2659,12.35,124.00,-608.29,-11.11
161194,-2659,12.35,176.00,-608.56,-10.66
161219,-2659,12.35,122.00,-608.83,-11.05
161244,-2659,12.35,89.00,-609.10,-10.66
161269,-2659,12.35,148.00,-609.37,-10.66
161294,-2659,12.35,180.00,-609.64,-11.05
161319,-2659,12.35,112.00,-609.91,-10.66
161344,-2659,12.35,129.00,-610.19,-11.11
161369,-2659,12.35,175.00,-610.45,-10.60
161394,-2659,12.35,135.00,-610.72,-10.66
161419,-2659,12.35,181.00,-610.99,-11.05
161444,-2659,12.35,151.00,-611.26,-10.66
161469,-2659,12.35,106.00,-611.54,-11.11
161494,-2659,12.35,149.00,-611.80,-10.60
161519,-2659,12.35,189.00,-612.07,-10.66
161544,-2659,12.35,136.00,-612.35,-11.11
161569,-2659,12.35,113.00,-612.61,-10.60
161594,-2659,12.35,163.00,-612.89,-11.11
161619,-2659,12.35,164.00,-613.15,-10.60
161644,-2659,12.35,116.00,-613.43,-11.05
161669,-2659,12.35,102.00,-613.70,-10.66
161694,-2659,12.35,151.00,-613.96,-10.66
161719,-2659,12.35,149.00,-614.24,-11.05
161744,-2659,12.35,94.00,-614.51,-10.66
161769,-2659,12.35,167.00,-614.78,-11.11
161794,-2659,12.35,112.00,-615.05,-10.66
161819,-2276,12.35,157.00,-615.32,-10.66
161844,-2276,12.35,-37.00,-615.59,-10.83
161869,-2276,12.35,7.00,-615.84,-9.99
161894,-2276,12.35,76.00,-616.09,-10.04
161919,-2276,12.35,84.00,-616.33,-9.48
161944,-2276,12.35,114.00,-616.57,-9.71
161969,-2276,12.35,104.00,-616.80,-9.26
161994,-2276,12.35,104.00,-617.03,-9.20
162019,-2276,12.35,100.00,-617.27,-9.48
162044,-2276,12.35,115.00,-617.50,-9.14
162069,-2276,12.35,124.00,-617.73,-9.42
162094,-2276,12.35,107.00,-617.96,-9.09
162119,-2276,12.35,97.00,-618.19,-9.14
162144,-2276,12.35,130.00,-618.42,-9.42
162169,-2276,12.35,138.00,-618.65,-9.09
162194,-2276,12.35,127.00,-618.89,-9.42
162219,-2276,12.35,132.00,-619.11,-9.03
162244,-2276,12.35,120.00,-619.34,-9.09
162269,-2276,12.35,126.00,-619.57,-9.42
162294,-2276,12.35,121.00,-619.80,-9.09
162319,-2276,12.35,113.00,-620.04,-9.42
162344,-2276,12.35,122.00,-620.26,-9.09
162369,-2276,12.35,116.00,-620.50,-9.48
162394,-2276,12.35,144.00,-620.73,-9.09
162419,-2276,12.35,146.00,-620.95,-9.03
162444,-2276,12.35,132.00,-621.19,-9.48
162469,-2276,12.35,128.00,-621.42,-9.09
162494,-2276,12.35,119.00,-621.66,-9.48
162519,-2276,12.35,104.00,-621.88,-9.09
162544,-2276,12.35,126.00,-622.11,-9.09
162569,-2276,12.35,111.00,-622.35,-9.48
162594,-2276,12.35,116.00,-622.57,-9.09
162619,-2276,12.35,106.00,-622.81,-9.48
162644,-2276,12.35,141.00,-623.04,-9.09
162669,-2276,12.35,141.00,-623.28,-9.48
162694,-2276,12.35,124.00,-623.50,-9.03
162719,-2276,12.35,112.00,-623.73,-9.14
162744,-2276,12.35,115.00,-623.97,-9.42
162769,-2276,12.35,121.00,-624.19,-9.09
162794,-2276,12.35,131.00,-624.43,-9.48
162819,-1858,12.35,155.00,-624.66,-9.09
162844,-1858,12.35,-43.00,-624.88,-8.81
162869,-1858,12.35,1.00,-625.09,-8.64
162894,-1858,12.35,9.00,-625.29,-7.97
162919,-1858,12.35,90.00,-625.49,-8.02
162944,-1858,12.35,86.00,-625.68,-7.63
162969,-1858,12.35,108.00,-625.87,-7.52
162994,-1858,12.35,88.00,-626.06,-7.74
163019,-1858,12.35,104.00,-626.25,-7.41
163044,-1858,12.35,112.00,-626.44,-7.74
163069,-1858,12.35,103.00,-626.63,-7.46
163094,-1858,12.35,92.00,-626.82,-7.80
163119,-1858,12.35,94.00,-627.01,-7.41
163144,-1858,12.35,104.00,-627.20,-7.41
163169,-1858,12.35,109.00,-627.39,-7.74
163194,-1858,12.35,102.00,-627.58,-7.46
163219,-1858,12.35,114.00,-627.77,-7.74
163244,-1858,12.35,108.00,-627.96,-7.46
163269,-1858,12.35,102.00,-628.14,-7.41
163294,-1858,12.35,101.00,-628.34,-7.80
163319,-1858,12.35,103.00,-628.52,-7.41
163344,-1858,12.35,111.00,-628.71,-7.74
163369,-1858,12.35,110.00,-628.90,-7.46
163394,-1858,12.35,104.00,-629.09,-7.74
163419,-1858,12.35,105.00,-629.28,-7.41
163444,-1858,12.35,101.00,-629.47,-7.46
163469,-1858,12.35,102.00,-629.66,-7.74
163494,-1858,12.35,108.00,-629.85,-7.46
163519,-1858,12.35,99.00,-630.04,-7.74
163544,-1858,12.35,98.00,-630.23,-7.46
163569,-1858,12.35,110.00,-630.41,-7.41
163594,-1858,12.35,106.00,-630.60,-7.74
163619,-1858,12.35,108.00,-630.79,-7.46
163644,-1858,12.35,105.00,-630.98,-7.74
163669,-1858,12.35,113.00,-631.17,-7.41
163694,-1858,12.35,102.00,-631.36,-7.80
163719,-1858,12.35,100.00,-631.55,-7.41
163744,-1858,12.35,109.00,-631.74,-7.46
163769,-1858,12.35,112.00,-631.93,-7.74
163794,-1858,12.35,105.00,-632.12,-7.46
163819,-1412,12.35,115.00,-632.31,-7.74
163844,-1412,12.35,-33.00,-632.49,-7.07
163869,-1412,12.35,-5.00,-632.65,-6.56
163894,-1412,12.35,16.00,-632.81,-6.40
163919,-1412,12.35,55.00,-632.96,-5.89
163944,-1412,12.35,54.00,-633.11,-6.00
163969,-1412,12.35,68.00,-633.25,-5.61
163994,-1412,12.35,69.00,-633.39,-5.67
164019,-1412,12.35,65.00,-633.53,-5.78
164044,-1412,12.35,82.00,-633.67,-5.55
164069,-1412,12.35,91.00,-633.82,-5.78
164094,-1412,12.35,92.00,-633.96,-5.55
164119,-1412,12.35,77.00,-634.10,-5.83
164144,-1412,12.35,72.00,-634.24,-5.61
164169,-1412,12.35,87.00,-634.38,-5.55
164194,-1412,12.35,80.00,-634.53,-5.83
164219,-1412,12.35,84.00,-634.67,-5.55
164244,-1412,12.35,92.00,-634.81,-5.83
164269,-1412,12.35,82.00,-634.95,-5.55
164294,-1412,12.35,76.00,-635.09,-5.61
164319,-1412,12.35,82.00,-635.24,-5.78
164344,-1412,12.35,83.00,-635.38,-5.61
164369,-1412,12.35,85.00,-635.52,-5.78
164394,-1412,12.35,81.00,-635.66,-5.61
164419,-1412,12.35,90.00,-635.81,-5.78
164444,-1412,12.35,79.00,-635.95,-5.61
164469,-1412,12.35,74.00,-636.08,-5.55
164494,-1412,12.35,78.00,-636.23,-5.83
164519,-1412,12.35,86.00,-636.37,-5.55
164544,-1412,12.35,90.00,-636.51,-5.83
164569,-1412,12.35,76.00,-636.65,-5.55
164594,-1412,12.35,82.00,-636.79,-5.61
164619,-1412,12.35,100.00,-636.94,-5.78
164644,-1412,12.35,84.00,-637.08,-5.61
164669,-1412,12.35,78.00,-637.22,-5.78
164694,-1412,12.35,93.00,-637.36,-5.61
164719,-1412,12.35,84.00,-637.50,-5.55
164744,-1412,12.35,81.00,-637.65,-5.83
164769,-1412,12.35,91.00,-637.79,-5.55
164794,-1412,12.35,100.00,-637.93,-5.83
164819,-942,12.35,79.00,-638.07,-5.55
164844,-942,12.35,-15.00,-638.21,-5.39
164869,-942,12.35,2.00,-638.32,-4.54
164894,-942,12.35,19.00,-638.42,-4.21
164919,-942,12.35,31.00,-638.53,-4.10
164944,-942,12.35,41.00,-638.62,-3.76
164969,-942,12.35,49.00,-638.72,-3.87
164994,-942,12.35,58.00,-638.81,-3.70
165019,-942,12.35,64.00,-638.90,-3.65
165044,-942,12.35,59.00,-639.00,-3.76
165069,-942,12.35,59.00,-639.09,-3.59
165094,-942,12.35,58.00,-639.18,-3.76
165119,-942,12.35,59.00,-639.27,-3.59
165144,-942,12.35,66.00,-639.36,-3.76
165169,-942,12.35,69.00,-639.45,-3.65
165194,-942,12.35,63.00,-639.54,-3.59
165219,-942,12.35,61.00,-639.64,-3.81
165244,-942,12.35,59.00,-639.73,-3.59
165269,-942,12.35,60.00,-639.82,-3.76
165294,-942,12.35,60.00,-639.91,-3.65
165319,-942,12.35,59.00,-640.00,-3.59
165344,-942,12.35,61.00,-640.10,-3.81
165369,-942,12.35,60.00,-640.19,-3.59
165394,-942,12.35,63.00,-640.28,-3.76
165419,-942,12.35,67.00,-640.37,-3.65
165444,-942,12.35,62.00,-640.46,-3.59
165469,-942,12.35,61.00,-640.56,-3.76
165494,-942,12.35,60.00,-640.65,-3.65
165519,-942,12.35,62.00,-640.74,-3.76
165544,-942,12.35,64.00,-640.83,-3.65
165569,-942,12.35,68.00,-640.93,-3.76
165594,-942,12.35,68.00,-641.02,-3.59
165619,-942,12.35,63.00,-641.11,-3.65
165644,-942,12.35,64.00,-641.20,-3.76
165669,-942,12.35,62.00,-641.29,-3.65
165694,-942,12.35,62.00,-641.39,-3.76
165719,-942,12.35,63.00,-641.48,-3.59
165744,-942,12.35,63.00,-641.57,-3.65
165769,-942,12.35,65.00,-641.66,-3.76
165794,-942,12.35,63.00,-641.75,-3.59
165819,-456,12.35,64.00,-641.85,-3.76
165844,-456,12.35,-17.00,-641.93,-3.20
165869,-456,12.35,4.00,-641.99,-2.58
165894,-456,12.35,21.00,-642.04,-2.13
165919,-456,12.35,26.00,-642.09,-1.85
165944,-456,12.35,31.00,-642.14,-1.85
165969,-456,12.35,36.00,-642.18,-1.74
165994,-456,12.35,30.00,-642.22,-1.74
166019,-456,12.35,26.00,-642.26,-1.63
166044,-456,12.35,29.00,-642.31,-1.63
166069,-456,12.35,31.00,-642.35,-1.68
166094,-456,12.35,26.00,-642.39,-1.63
166119,-456,12.35,27.00,-642.43,-1.68
166144,-456,12.35,33.00,-642.47,-1.63
166169,-456,12.35,29.00,-642.51,-1.63
166194,-456,12.35,26.00,-642.55,-1.63
166219,-456,12.35,38.00,-642.59,-1.63
166244,-456,12.35,23.00,-642.64,-1.68
166269,-456,12.35,29.00,-642.68,-1.63
166294,-456,12.35,36.00,-642.72,-1.68
166319,-456,12.35,27.00,-642.76,-1.63
166344,-456,12.35,30.00,-642.80,-1.63
166369,-456,12.35,39.00,-642.84,-1.68
166394,-456,12.35,26.00,-642.88,-1.57
166419,-456,12.35,26.00,-642.92,-1.68
166444,-456,12.35,33.00,-642.96,-1.63
166469,-456,12.35,27.00,-643.00,-1.63
166494,-456,12.35,26.00,-643.05,-1.68
166519,-456,12.35,33.00,-643.09,-1.57
166544,-456,12.35,30.00,-643.13,-1.68
166569,-456,12.35,26.00,-643.17,-1.63
166594,-456,12.35,35.00,-643.21,-1.63
166619,-456,12.35,31.00,-643.25,-1.63
166644,-456,12.35,27.00,-643.29,-1.63
166669,-456,12.35,38.00,-643.33,-1.68
166694,-456,12.35,30.00,-643.37,-1.57
166719,-456,12.35,27.00,-643.41,-1.68
166744,-456,12.35,38.00,-643.45,-1.57
166769,-456,12.35,31.00,-643.49,-1.63
166794,-456,12.35,26.00,-643.53,-1.63
166819,40,12.35,37.00,-643.57,-1.63
166844,40,12.35,15.00,-643.60,-1.07
166869,40,12.35,14.00,-643.61,-0.39
166894,40,12.35,13.00,-643.61,-0.06
166919,40,12.35,12.00,-643.61,0.11
166944,40,12.35,13.00,-643.61,0.11
166969,40,12.35,12.00,-643.61,0.00
166994,40,12.35,12.00,-643.61,0.00
167019,40,12.35,12.00,-643.61,0.00
167044,40,12.35,11.00,-643.61,0.00
167069,40,12.35,13.00,-643.61,0.00
167094,40,12.35,11.00,-643.61,0.00
167119,40,12.35,13.00,-643.61,0.00
167144,40,12.35,13.00,-643.61,0.00
167169,40,12.35,12.00,-643.61,0.00
167194,40,12.35,12.00,-643.61,0.00
167219,40,12.35,11.00,-643.61,0.00
167244,40,12.35,13.00,-643.61,0.00
167269,40,12.35,11.00,-643.61,0.00
167294,40,12.35,12.00,-643.61,0.00
167319,40,12.35,13.00,-643.61,0.00
167344,40,12.35,13.00,-643.61,0.00
167369,40,12.35,13.00,-643.61,0.00
167394,40,12.35,11.00,-643.61,0.00
167419,40,12.35,13.00,-643.61,0.00
167444,40,12.35,12.00,-643.61,0.00
167469,40,12.35,12.00,-643.61,0.00
167494,40,12.35,13.00,-643.61,0.00
167519,40,12.35,12.00,-643.61,0.00
167544,40,12.35,12.00,-643.61,0.00
167569,40,12.35,12.00,-643.61,0.00
167594,40,12.35,13.00,-643.61,0.00
167619,40,12.35,11.00,-643.61,0.00
167644,40,12.35,11.00,-643.61,0.00
167669,40,12.35,12.00,-643.61,0.00
167694,40,12.35,12.00,-643.61,0.00
167719,40,12.35,12.00,-643.61,0.00
167744,40,12.35,12.00,-643.61,0.00
167769,40,12.35,12.00,-643.61,0.00
167794,40,12.35,12.00,-643.61,0.00
167819,539,12.35,12.00,-643.61,0.00
167844,539,12.35,90.00,-643.60,0.34
167869,539,12.35,62.00,-643.57,1.12
167894,539,12.35,48.00,-643.53,1.46
167919,539,12.35,42.00,-643.49,1.68
167944,539,12.35,44.00,-643.44,1.91
167969,539,12.35,38.00,-643.40,1.85
167994,539,12.35,34.00,-643.35,1.96
168019,539,12.35,37.00,-643.30,1.96
168044,539,12.35,43.00,-643.25,2.02
168069,539,12.35,36.00,-643.20,1.91
168094,539,12.35,31.00,-643.15,1.96
168119,539,12.35,35.00,-643.10,2.02
168144,539,12.35,44.00,-643.05,1.96
168169,539,12.35,37.00,-643.00,2.02
168194,539,12.35,29.00,-642.95,1.96
168219,539,12.35,36.00,-642.90,1.96
168244,539,12.35,43.00,-642.85,2.02
168269,539,12.35,39.00,-642.80,1.96
168294,539,12.35,33.00,-642.75,2.02
168319,539,12.35,29.00,-642.71,1.96
168344,539,12.35,39.00,-642.65,2.02
168369,539,12.35,42.00,-642.61,1.96
168394,539,12.35,34.00,-642.56,1.91
168419,539,12.35,34.00,-642.51,2.02
168444,539,12.35,42.00,-642.46,1.96
168469,539,12.35,41.00,-642.41,2.02
168494,539,12.35,29.00,-642.36,1.96
168519,539,12.35,30.00,-642.31,1.96
168544,539,12.35,41.00,-642.26,2.02
168569,539,12.35,44.00,-642.21,1.96
168594,539,12.35,35.00,-642.16,2.02
168619,539,12.35,31.00,-642.11,1.91
168644,539,12.35,37.00,-642.06,1.96
168669,539,12.35,41.00,-642.01,2.02
168694,539,12.35,34.00,-641.96,1.96
168719,539,12.35,30.00,-641.91,2.02
168744,539,12.35,35.00,-641.87,1.91
168769,539,12.35,42.00,-641.81,2.02
168794,539,12.35,43.00,-641.77,1.96
168819,1033,12.35,59.00,-641.72,1.96
168844,1033,12.35,156.00,-641.65,2.47
168869,1033,12.35,116.00,-641.58,3.09
168894,1033,12.35,93.00,-641.49,3.59
168919,1033,12.35,79.00,-641.40,3.70
168944,1033,12.35,72.00,-641.30,3.81
168969,1033,12.35,76.00,-641.20,4.04
168994,1033,12.35,80.00,-641.10,3.93
169019,1033,12.35,65.00,-641.00,4.15
169044,1033,12.35,61.00,-640.90,3.98
169069,1033,12.35,69.00,-640.79,4.15
169094,1033,12.35,65.00,-640.69,3.98
169119,1033,12.35,63.00,-640.59,4.04
169144,1033,12.35,67.00,-640.49,4.15
169169,1033,12.35,63.00,-640.39,3.98
169194,1033,12.35,59.00,-640.28,4.21
169219,1033,12.35,69.00,-640.19,3.98
169244,1033,12.35,66.00,-640.08,4.04
169269,1033,12.35,67.00,-639.98,4.21
169294,1033,12.35,72.00,-639.88,3.98
169319,1033,12.35,59.00,-639.77,4.21
169344,1033,12.35,62.00,-639.67,3.98
169369,1033,12.35,72.00,-639.57,4.04
169394,1033,12.35,67.00,-639.47,4.21
169419,1033,12.35,68.00,-639.37,3.98
169444,1033,12.35,73.00,-639.26,4.21
169469,1033,12.35,68.00,-639.16,4.04
169494,1033,12.35,63.00,-639.06,4.15
169519,1033,12.35,66.00,-638.96,4.04
169544,1033,12.35,61.00,-638.86,4.04
169569,1033,12.35,75.00,-638.75,4.15
169594,1033,12.35,67.00,-638.65,4.04
169619,1033,12.35,60.00,-638.55,4.15
169644,1033,12.35,69.00,-638.45,4.04
169669,1033,12.35,58.00,-638.35,3.98
169694,1033,12.35,63.00,-638.24,4.21
169719,1033,12.35,68.00,-638.14,4.04
169744,1033,12.35,61.00,-638.04,4.21
169769,1033,12.35,63.00,-637.94,3.98
169794,1033,12.35,67.00,-637.83,4.21
169819,1514,12.35,61.00,-637.73,3.98
169844,1514,12.35,267.00,-637.62,4.43
169869,1514,12.35,199.00,-637.49,5.27
169894,1514,12.35,145.00,-637.35,5.50
169919,1514,12.35,120.00,-637.20,5.89
169944,1514,12.35,102.00,-637.06,5.83
169969,1514,12.35,111.00,-636.91,5.89
169994,1514,12.35,91.00,-636.76,6.17
170019,1514,12.35,98.00,-636.61,6.00
170044,1514,12.35,104.00,-636.45,6.28
170069,1514,12.35,96.00,-636.30,6.00
170094,1514,12.35,87.00,-636.14,6.28
170119,1514,12.35,91.00,-635.99,6.06
170144,1514,12.35,85.00,-635.84,6.06
170169,1514,12.35,82.00,-635.68,6.28
170194,1514,12.35,79.00,-635.53,6.06
170219,1514,12.35,71.00,-635.37,6.28
170244,1514,12.35,92.00,-635.22,6.06
170269,1514,12.35,84.00,-635.07,6.00
170294,1514,12.35,109.00,-634.92,6.28
170319,1514,12.35,108.00,-634.76,6.06
170344,1514,12.35,97.00,-634.61,6.34
170369,1514,12.35,88.00,-634.46,6.00
170394,1514,12.35,90.00,-634.30,6.06
170419,1514,12.35,86.00,-634.15,6.28
170444,1514,12.35,94.00,-634.00,6.06
170469,1514,12.35,83.00,-633.84,6.34
170494,1514,12.35,99.00,-633.69,6.06
170519,1514,12.35,89.00,-633.53,6.28
170544,1514,12.35,99.00,-633.38,6.06
170569,1514,12.35,84.00,-633.23,6.06
170594,1514,12.35,87.00,-633.07,6.34
170619,1514,12.35,75.00,-632.92,6.06
170644,1514,12.35,89.00,-632.76,6.28
170669,1514,12.35,85.00,-632.61,6.06
170694,1514,12.35,72.00,-632.46,6.06
170719,1514,12.35,82.00,-632.30,6.34
170744,1514,12.35,86.00,-632.15,6.06
170769,1514,12.35,98.00,-631.99,6.34
170794,1514,12.35,86.00,-631.84,6.00
170819,1975,12.35,91.00,-631.68,6.34
170844,1975,12.35,309.00,-631.52,6.40
170869,1975,12.35,242.00,-631.34,7.01
170894,1975,12.35,208.00,-631.15,7.74
170919,1975,12.35,165.00,-630.96,7.63
170944,1975,12.35,152.00,-630.76,8.08
170969,1975,12.35,123.00,-630.56,7.85
170994,1975,12.35,115.00,-630.36,7.91
171019,1975,12.35,139.00,-630.16,8.25
171044,1975,12.35,119.00,-629.96,8.02
171069,1975,12.35,139.00,-629.75,8.30
171094,1975,12.35,124.00,-629.55,8.02
171119,1975,12.35,122.00,-629.35,8.02
171144,1975,12.35,116.00,-629.14,8.30
171169,1975,12.35,89.00,-628.94,8.02
171194,1975,12.35,122.00,-628.73,8.36
171219,1975,12.35,137.00,-628.53,8.02
171244,1975,12.35,112.00,-628.32,8.36
171269,1975,12.35,131.00,-628.12,7.97
171294,1975,12.35,127.00,-627.92,8.02
171319,1975,12.35,114.00,-627.71,8.36
171344,1975,12.35,130.00,-627.51,8.02
171369,1975,12.35,122.00,-627.30,8.36
171394,1975,12.35,103.00,-627.10,8.02
171419,1975,12.35,124.00,-626.90,8.02
171444,1975,12.35,131.00,-626.69,8.36
171469,1975,12.35,125.00,-626.49,8.02
171494,1975,12.35,132.00,-626.28,8.30
171519,1975,12.35,110.00,-626.08,8.02
171544,1975,12.35,92.00,-625.88,8.36
171569,1975,12.35,116.00,-625.67,8.02
171594,1975,12.35,126.00,-625.47,8.02
171619,1975,12.35,99.00,-625.27,8.36
171644,1975,12.35,120.00,-625.06,8.02
171669,1975,12.35,129.00,-624.86,8.36
171694,1975,12.35,133.00,-624.66,8.02
171719,1975,12.35,135.00,-624.45,8.02
171744,1975,12.35,124.00,-624.25,8.36
171769,1975,12.35,112.00,-624.05,8.02
171794,1975,12.35,87.00,-623.84,8.36
171819,2408,12.35,129.00,-623.64,8.02
171844,2408,12.35,329.00,-623.43,8.36
171869,2408,12.35,261.00,-623.20,9.26
171894,2408,12.35,231.00,-622.97,9.20
171919,2408,12.35,197.00,-622.72,9.87
171944,2408,12.35,158.00,-622.48,9.59
171969,2408,12.35,148.00,-622.23,10.04
171994,2408,12.35,166.00,-621.98,9.76
172019,2408,12.35,135.00,-621.74,9.76
172044,2408,12.35,158.00,-621.48,10.27
172069,2408,12.35,140.00,-621.24,9.82
172094,2408,12.35,127.00,-620.98,10.21
172119,2408,12.35,120.00,-620.74,9.87
172144,2408,12.35,130.00,-620.49,9.87
172169,2408,12.35,113.00,-620.23,10.27
172194,2408,12.35,149.00,-619.99,9.82
172219,2408,12.35,155.00,-619.73,10.32
172244,2408,12.35,149.00,-619.48,9.87
172269,2408,12.35,155.00,-619.22,10.27
172294,2408,12.35,150.00,-618.98,9.87
172319,2408,12.35,129.00,-618.73,9.82
172344,2408,12.35,116.00,-618.47,10.32
172369,2408,12.35,130.00,-618.23,9.87
172394,2408,12.35,132.00,-617.97,10.27
172419,2408,12.35,127.00,-617.72,9.87
172444,2408,12.35,113.00,-617.48,9.87
172469,2408,12.35,125.00,-617.22,10.32
172494,2408,12.35,134.00,-616.97,9.87
172519,2408,12.35,119.00,-616.72,10.27
172544,2408,12.35,127.00,-616.47,9.82
172569,2408,12.35,135.00,-616.22,9.87
172594,2408,12.35,159.00,-615.97,10.27
172619,2408,12.35,167.00,-615.72,9.87
172644,2408,12.35,118.00,-615.46,10.32
172669,2408,12.35,152.00,-615.22,9.82
172694,2408,12.35,148.00,-614.96,10.27
172719,2408,12.35,139.00,-614.71,9.87
172744,2408,12.35,126.00,-614.47,9.87
172769,2408,12.35,133.00,-614.21,10.27
172794,2408,12.35,139.00,-613.96,9.87
172819,2805,12.35,125.00,-613.71,10.27
172844,2805,12.35,347.00,-613.45,10.15
172869,2805,12.35,270.00,-613.19,10.60
172894,2805,12.35,242.00,-612.90,11.39
172919,2805,12.35,179.00,-612.62,11.11
172944,2805,12.35,196.00,-612.33,11.72
172969,2805,12.35,142.00,-612.05,11.39
172994,2805,12.35,143.00,-611.75,11.89
173019,2805,12.35,156.00,-611.46,11.50
173044,2805,12.35,129.00,-611.17,11.50
173069,2805,12.35,160.00,-610.87,12.01
173094,2805,12.35,182.00,-610.59,11.56
173119,2805,12.35,171.00,-610.29,12.01
173144,2805,12.35,146.00,-610.00,11.56
173169,2805,12.35,165.00,-609.71,11.56
173194,2805,12.35,184.00,-609.41,12.01
173219,2805,12.35,110.00,-609.12,11.56
173244,2805,12.35,170.00,-608.82,12.06
173269,2805,12.35,145.00,-608.53,11.56
173294,2805,12.35,194.00,-608.23,12.06
173319,2805,12.35,134.00,-607.94,11.56
173344,2805,12.35,140.00,-607.65,11.56
173369,2805,12.35,170.00,-607.35,12.06
173394,2805,12.35,134.00,-607.06,11.56
173419,2805,12.35,159.00,-606.76,12.06
173444,2805,12.35,173.00,-606.47,11.56
173469,2805,12.35,129.00,-606.18,11.61
173494,2805,12.35,189.00,-605.88,12.06
173519,2805,12.35,145.00,-605.59,11.56
173544,2805,12.35,159.00,-605.29,12.06
173569,2805,12.35,180.00,-605.00,11.61
173594,2805,12.35,118.00,-604.71,11.56
173619,2805,12.35,152.00,-604.40,12.06
173644,2805,12.35,169.00,-604.12,11.56
173669,2805,12.35,178.00,-603.81,12.06
173694,2805,12.35,133.00,-603.52,11.61
173719,2805,12.35,179.00,-603.22,12.01
173744,2805,12.35,168.00,-602.93,11.56
173769,2805,12.35,129.00,-602.64,11.61
173794,2805,12.35,175.00,-602.34,12.01
173819,3160,12.35,138.00,-602.05,11.61
173844,3160,12.35,381.00,-601.75,12.29
173869,3160,12.35,276.00,-601.44,12.23
173894,3160,12.35,269.00,-601.13,12.45
173919,3160,12.35,211.00,-600.80,13.24
173944,3160,12.35,217.00,-600.48,12.73
173969,3160,12.35,193.00,-600.15,13.41
173994,3160,12.35,203.00,-599.82,12.90
174019,3160,12.35,161.00,-599.48,13.52
174044,3160,12.35,186.00,-599.16,13.02
174069,3160,12.35,175.00,-598.83,13.02
174094,3160,12.35,181.00,-598.49,13.58
174119,3160,12.35,179.00,-598.17,13.07
174144,3160,12.35,158.00,-597.83,13.58
174169,3160,12.35,160.00,-597.50,13.07
174194,3160,12.35,169.00,-597.17,13.07
174219,3160,12.35,165.00,-596.84,13.58
174244,3160,12.35,144.00,-596.51,13.07
174269,3160,12.35,166.00,-596.17,13.58
174294,3160,12.35,176.00,-595.84,13.07
174319,3160,12.35,209.00,-595.52,13.07
174344,3160,12.35,162.00,-595.17,13.63
174369,3160,12.35,154.00,-594.85,13.07
174394,3160,12.35,188.00,-594.51,13.58
174419,3160,12.35,177.00,-594.18,13.13
174444,3160,12.35,189.00,-593.84,13.58
174469,3160,12.35,175.00,-593.51,13.07
174494,3160,12.35,159.00,-593.19,13.07
174519,3160,12.35,137.00,-592.85,13.63
174544,3160,12.35,174.00,-592.52,13.07
174569,3160,12.35,174.00,-592.18,13.58
174594,3160,12.35,185.00,-591.85,13.07
174619,3160,12.35,174.00,-591.53,13.07
174644,3160,12.35,174.00,-591.19,13.58
174669,3160,12.35,179.00,-590.86,13.07
174694,3160,12.35,185.00,-590.52,13.58
174719,3160,12.35,194.00,-590.19,13.07
174744,3160,12.35,192.00,-589.86,13.58
174769,3160,12.35,157.00,-589.53,13.07
174794,3160,12.35,173.00,-589.20,13.02
174819,3466,12.35,166.00,-588.86,13.63
174844,3466,12.35,346.00,-588.53,13.24
174869,3466,12.35,314.00,-588.18,14.19
174894,3466,12.35,309.00,-587.83,13.80
174919,3466,12.35,251.00,-587.48,13.97
174944,3466,12.35,228.00,-587.11,14.70
174969,3466,12.35,228.00,-586.76,14.19
174994,3466,12.35,197.00,-586.39,14.81
175019,3466,12.35,194.00,-586.03,14.31
175044,3466,12.35,199.00,-585.68,14.25
175069,3466,12.35,171.00,-585.30,14.92
175094,3466,12.35,215.00,-584.94,14.31
175119,3466,12.35,173.00,-584.57,14.92
175144,3466,12.35,195.00,-584.21,14.36
175169,3466,12.35,203.00,-583.84,14.92
175194,3466,12.35,167.00,-583.48,14.36
175219,3466,12.35,168.00,-583.12,14.36
175244,3466,12.35,190.00,-582.75,14.92
175269,3466,12.35,181.00,-582.39,14.36
175294,3466,12.35,149.00,-582.02,14.98
175319,3466,12.35,188.00,-581.65,14.42
175344,3466,12.35,194.00,-581.30,14.36
175369,3466,12.35,187.00,-580.92,14.98
175394,3466,12.35,160.00,-580.56,14.36
175419,3466,12.35,194.00,-580.19,14.98
175444,3466,12.35,156.00,-579.83,14.42
175469,3466,12.35,175.00,-579.45,14.92
175494,3466,12.35,204.00,-579.10,14.36
175519,3466,12.35,188.00,-578.73,14.42
175544,3466,12.35,165.00,-578.36,14.92
175569,3466,12.35,191.00,-578.00,14.36
175594,3466,12.35,206.00,-577.63,14.98
175619,3466,12.35,177.00,-577.27,14.42
175644,3466,12.35,144.00,-576.91,14.36
175669,3466,12.35,181.00,-576.53,14.98
175694,3466,12.35,192.00,-576.18,14.36
175719,3466,12.35,189.00,-575.80,15.03
175744,3466,12.35,158.00,-575.44,14.36
175769,3466,12.35,160.00,-575.08,14.42
175794,3466,12.35,192.00,-574.71,14.98
175819,3717,12.35,176.00,-574.34,14.42
175844,3717,12.35,343.00,-573.97,15.15
175869,3717,12.35,298.00,-573.59,14.87
175894,3717,12.35,278.00,-573.20,15.65
175919,3717,12.35,248.00,-572.82,15.15
175944,3717,12.35,203.00,-572.44,15.26
175969,3717,12.35,211.00,-572.04,15.93
175994,3717,12.35,217.00,-571.66,15.37
176019,3717,12.35,209.00,-571.26,16.10
176044,3717,12.35,181.00,-570.87,15.43
176069,3717,12.35,210.00,-570.49,15.43
176094,3717,12.35,216.00,-570.08,16.10
176119,3717,12.35,192.00,-569.70,15.48
176144,3717,12.35,193.00,-569.29,16.16
176169,3717,12.35,190.00,-568.91,15.48
176194,3717,12.35,184.00,-568.50,16.10
176219,3717,12.35,191.00,-568.12,15.48
176244,3717,12.35,215.00,-567.73,15.54
176269,3717,12.35,170.00,-567.33,16.10
176294,3717,12.35,203.00,-566.94,15.54
176319,3717,12.35,181.00,-566.53,16.10
176344,3717,12.35,215.00,-566.15,15.48
176369,3717,12.35,190.00,-565.76,15.48
176394,3717,12.35,199.00,-565.36,16.10
176419,3717,12.35,175.00,-564.97,15.48
176444,3717,12.35,204.00,-564.57,16.21
176469,3717,12.35,171.00,-564.18,15.48
176494,3717,12.35,183.00,-563.78,16.10
176519,3717,12.35,177.00,-563.39,15.54
176544,3717,12.35,207.00,-563.00,15.48
176569,3717,12.35,166.00,-562.60,16.16
176594,3717,12.35,200.00,-562.21,15.54
176619,3717,12.35,175.00,-561.81,16.10
176644,3717,12.35,209.00,-561.42,15.54
176669,3717,12.35,167.00,-561.03,15.54
176694,3717,12.35,195.00,-560.63,16.10
176719,3717,12.35,209.00,-560.24,15.54
176744,3717,12.35,176.00,-559.83,16.10
176769,3717,12.35,216.00,-559.45,15.54
176794,3717,12.35,193.00,-559.06,15.48
176819,3908,12.35,205.00,-558.66,16.16
176844,3908,12.35,311.00,-558.27,15.60
176869,3908,12.35,288.00,-557.85,16.49
176894,3908,12.35,245.00,-557.45,15.93
176919,3908,12.35,218.00,-557.04,16.77
176944,3908,12.35,239.00,-556.63,16.16
176969,3908,12.35,230.00,-556.23,16.21
176994,3908,12.35,227.00,-555.80,16.94
177019,3908,12.35,205.00,-555.40,16.27
177044,3908,12.35,219.00,-554.97,17.00
177069,3908,12.35,189.00,-554.56,16.33
177094,3908,12.35,187.00,-554.15,16.33
177119,3908,12.35,191.00,-553.73,17.00
177144,3908,12.35,201.00,-553.32,16.33
177169,3908,12.35,181.00,-552.90,17.00
177194,3908,12.35,202.00,-552.49,16.33
177219,3908,12.35,189.00,-552.06,17.05
177244,3908,12.35,193.00,-551.65,16.33
177269,3908,12.35,198.00,-551.24,16.38
177294,3908,12.35,210.00,-550.82,17.00
177319,3908,12.35,209.00,-550.41,16.38
177344,3908,12.35,208.00,-549.98,17.00
177369,3908,12.35,203.00,-549.58,16.38
177394,3908,12.35,197.00,-549.17,16.33
177419,3908,12.35,189.00,-548.74,17.05
177444,3908,12.35,205.00,-548.33,16.33
177469,3908,12.35,202.00,-547.91,17.05
177494,3908,12.35,201.00,-547.50,16.33
177519,3908,12.35,181.00,-547.09,16.38
177544,3908,12.35,207.00,-546.66,17.00
177569,3908,12.35,190.00,-546.25,16.38
177594,3908,12.35,207.00,-545.83,17.00
177619,3908,12.35,191.00,-545.42,16.38
177644,3908,12.35,186.00,-544.99,17.05
177669,3908,12.35,187.00,-544.59,16.33
177694,3908,12.35,205.00,-544.18,16.38
177719,3908,12.35,216.00,-543.75,17.05
177744,3908,12.35,197.00,-543.34,16.33
177769,3908,12.35,208.00,-542.91,17.05
177794,3908,12.35,185.00,-542.51,16.38
177819,4034,12.35,201.00,-542.10,16.38
177844,4034,12.35,301.00,-541.67,17.05
177869,4034,12.35,248.00,-541.25,16.61
177894,4034,12.35,224.00,-540.82,17.33
177919,4034,12.35,246.00,-540.40,16.72
177944,4034,12.35,226.00,-539.97,17.45
177969,4034,12.35,218.00,-539.55,16.83
177994,4034,12.35,222.00,-539.13,16.77
178019,4034,12.35,226.00,-538.69,17.56
178044,4034,12.35,208.00,-538.27,16.83
178069,4034,12.35,224.00,-537.83,17.62
178094,4034,12.35,206.00,-537.40,16.89
178119,4034,12.35,205.00,-536.98,16.83
178144,4034,12.35,215.00,-536.54,17.62
178169,4034,12.35,199.00,-536.12,16.89
178194,4034,12.35,200.00,-535.68,17.56
178219,4034,12.35,218.00,-535.26,16.83
178244,4034,12.35,217.00,-534.84,16.89
178269,4034,12.35,196.00,-534.40,17.56
178294,4034,12.35,210.00,-533.98,16.83
178319,4034,12.35,208.00,-533.54,17.56
178344,4034,12.35,211.00,-533.12,16.89
178369,4034,12.35,205.00,-532.68,17.56
178394,4034,12.35,198.00,-532.26,16.89
178419,4034,12.35,206.00,-531.84,16.89
178444,4034,12.35,211.00,-531.40,17.56
178469,4034,12.35,210.00,-530.98,16.83
178494,4034,12.35,218.00,-530.54,17.56
178519,4034,12.35,209.00,-530.11,16.89
178544,4034,12.35,206.00,-529.69,16.89
178569,4034,12.35,219.00,-529.25,17.56
178594,4034,12.35,224.00,-528.83,16.83
178619,4034,12.35,208.00,-528.39,17.56
178644,4034,12.35,213.00,-527.97,16.89
178669,4034,12.35,208.00,-527.53,17.56
178694,4034,12.35,208.00,-527.11,16.83
178719,4034,12.35,215.00,-526.69,16.89
178744,4034,12.35,186.00,-526.25,17.56
178769,4034,12.35,192.00,-525.83,16.83
178794,4034,12.35,211.00,-525.39,17.56
178819,4092,12.35,188.00,-524.97,16.89
178844,4092,12.35,250.00,-524.55,16.89
178869,4092,12.35,238.00,-524.10,17.67
178894,4092,12.35,223.00,-523.68,17.05
178919,4092,12.35,223.00,-523.24,17.73
178944,4092,12.35,218.00,-522.81,17.00
178969,4092,12.35,216.00,-522.38,17.11
178994,4092,12.35,195.00,-521.94,17.73
179019,4092,12.35,225.00,-521.51,17.11
179044,4092,12.35,212.00,-521.07,17.78
179069,4092,12.35,227.00,-520.64,17.11
179094,4092,12.35,211.00,-520.19,17.78
179119,4092,12.35,211.00,-519.77,17.11
179144,4092,12.35,190.00,-519.34,17.05
179169,4092,12.35,221.00,-518.89,17.84
179194,4092,12.35,207.00,-518.47,17.11
179219,4092,12.35,210.00,-518.02,17.84
179244,4092,12.35,206.00,-517.59,17.11
179269,4092,12.35,211.00,-517.17,17.11
179294,4092,12.35,211.00,-516.72,17.78
179319,4092,12.35,213.00,-516.29,17.11
179344,4092,12.35,210.00,-515.85,17.84
179369,4092,12.35,192.00,-515.42,17.11
179394,4092,12.35,224.00,-514.97,17.78
179419,4092,12.35,205.00,-514.55,17.11
179444,4092,12.35,210.00,-514.12,17.11
179469,4092,12.35,213.00,-513.67,17.78
179494,4092,12.35,201.00,-513.25,17.17
179519,4092,12.35,200.00,-512.80,17.84
179544,4092,12.35,219.00,-512.37,17.05
179569,4092,12.35,207.00,-511.94,17.11
179594,4092,12.35,200.00,-511.50,17.84
179619,4092,12.35,188.00,-511.07,17.11
179644,4092,12.35,216.00,-510.63,17.84
179669,4092,12.35,212.00,-510.20,17.11
179694,4092,12.35,213.00,-509.75,17.84
179719,4092,12.35,196.00,-509.32,17.11
179744,4092,12.35,213.00,-508.90,17.05
179769,4092,12.35,215.00,-508.45,17.84
179794,4092,12.35,215.00,-508.03,17.05
179819,4080,12.35,203.00,-507.58,17.84
179844,4080,12.35,205.00,-507.15,17.11
179869,4080,12.35,204.00,-506.72,17.05
179894,4080,12.35,200.00,-506.28,17.84
179919,4080,12.35,200.00,-505.85,17.05
179944,4080,12.35,205.00,-505.41,17.78
179969,4080,12.35,201.00,-504.98,17.11
179994,4080,12.35,209.00,-504.55,17.05
180019,4080,12.35,193.00,-504.11,17.78
180044,4080,12.35,203.00,-503.68,17.05
180069,4080,12.35,209.00,-503.24,17.73
180094,4080,12.35,212.00,-502.81,17.05
180119,4080,12.35,209.00,-502.37,17.78
180144,4080,12.35,195.00,-501.94,17.05
180169,4080,12.35,210.00,-501.52,17.00
180194,4080,12.35,199.00,-501.07,17.78
180219,4080,12.35,201.00,-500.65,17.05
180244,4080,12.35,206.00,-500.20,17.73
180269,4080,12.35,207.00,-499.78,17.05
180294,4080,12.35,195.00,-499.35,17.05
180319,4080,12.35,217.00,-498.91,17.78
180344,4080,12.35,192.00,-498.48,17.00
180369,4080,12.35,183.00,-498.04,17.78
180394,4080,12.35,210.00,-497.61,17.05
180419,4080,12.35,208.00,-497.17,17.73
180444,4080,12.35,209.00,-496.74,17.05
180469,4080,12.35,196.00,-496.31,17.05
180494,4080,12.35,209.00,-495.87,17.73
180519,4080,12.35,197.00,-495.44,17.05
180544,4080,12.35,218.00,-495.00,17.73
180569,4080,12.35,208.00,-494.57,17.11
180594,4080,12.35,206.00,-494.15,17.05
180619,4080,12.35,206.00,-493.70,17.78
180644,4080,12.35,218.00,-493.28,17.00
180669,4080,12.35,195.00,-492.83,17.78
180694,4080,12.35,192.00,-492.41,17.05
180719,4080,12.35,218.00,-491.98,17.05
180744,4080,12.35,206.00,-491.54,17.78
180769,4080,12.35,213.00,-491.11,17.05
180794,4080,12.35,204.00,-490.66,17.78
180819,3997,12.35,208.00,-490.24,17.00
180844,3997,12.35,133.00,-489.80,17.73
180869,3997,12.35,164.00,-489.37,16.89
180894,3997,12.35,166.00,-488.95,16.83
180919,3997,12.35,160.00,-488.52,17.50
180944,3997,12.35,172.00,-488.10,16.77
180969,3997,12.35,187.00,-487.66,17.45
180994,3997,12.35,187.00,-487.24,16.77
181019,3997,12.35,191.00,-486.82,16.72
181044,3997,12.35,207.00,-486.39,17.39
181069,3997,12.35,207.00,-485.97,16.72
181094,3997,12.35,182.00,-485.54,17.39
181119,3997,12.35,187.00,-485.12,16.72
181144,3997,12.35,201.00,-484.68,17.39
181169,3997,12.35,207.00,-484.27,16.66
181194,3997,12.35,210.00,-483.85,16.72
181219,3997,12.35,200.00,-483.41,17.39
181244,3997,12.35,213.00,-483.00,16.66
181269,3997,12.35,215.00,-482.56,17.39
181294,3997,12.35,186.00,-482.14,16.72
181319,3997,12.35,180.00,-481.73,16.72
181344,3997,12.35,205.00,-481.29,17.39
181369,3997,12.35,199.00,-480.87,16.72
181394,3997,12.35,190.00,-480.44,17.39
181419,3997,12.35,194.00,-480.02,16.72
181444,3997,12.35,197.00,-479.60,16.66
181469,3997,12.35,183.00,-479.17,17.39
181494,3997,12.35,202.00,-478.75,16.72
181519,3997,12.35,218.00,-478.32,17.39
181544,3997,12.35,205.00,-477.90,16.66
181569,3997,12.35,199.00,-477.47,17.39
181594,3997,12.35,205.00,-477.05,16.72
181619,3997,12.35,207.00,-476.63,16.66
181644,3997,12.35,190.00,-476.20,17.39
181669,3997,12.35,191.00,-475.78,16.72
181694,3997,12.35,198.00,-475.34,17.39
181719,3997,12.35,213.00,-474.93,16.72
181744,3997,12.35,212.00,-474.51,16.72
181769,3997,12.35,183.00,-474.07,17.39
181794,3997,12.35,183.00,-473.66,16.72
181819,3843,12.35,193.00,-473.22,17.39
181844,3843,12.35,100.00,-472.81,16.61
181869,3843,12.35,146.00,-472.38,17.11
181894,3843,12.35,141.00,-471.97,16.33
181919,3843,12.35,158.00,-471.56,16.27
181944,3843,12.35,145.00,-471.14,16.89
181969,3843,12.35,188.00,-470.74,16.16
181994,3843,12.35,183.00,-470.32,16.77
182019,3843,12.35,208.00,-469.91,16.10
182044,3843,12.35,194.00,-469.51,16.10
182069,3843,12.35,197.00,-469.09,16.72
182094,3843,12.35,210.00,-468.69,16.10
182119,3843,12.35,181.00,-468.27,16.72
182144,3843,12.35,196.00,-467.87,16.04
182169,3843,12.35,177.00,-467.47,16.10
182194,3843,12.35,181.00,-467.05,16.72
182219,3843,12.35,184.00,-466.65,16.04
182244,3843,12.35,186.00,-466.23,16.72
182269,3843,12.35,200.00,-465.83,16.04
182294,3843,12.35,190.00,-465.41,16.72
182319,3843,12.35,197.00,-465.01,16.04
182344,3843,12.35,195.00,-464.61,16.04
182369,3843,12.35,202.00,-464.20,16.66
182394,3843,12.35,189.00,-463.79,16.04
182419,3843,12.35,194.00,-463.38,16.72
182444,3843,12.35,180.00,-462.97,16.10
182469,3843,12.35,212.00,-462.57,16.04
182494,3843,12.35,195.00,-462.15,16.72
182519,3843,12.35,195.00,-461.75,16.10
182544,3843,12.35,204.00,-461.33,16.72
182569,3843,12.35,203.00,-460.93,16.04
182594,3843,12.35,179.00,-460.52,16.72
182619,3843,12.35,179.00,-460.11,16.10
182644,3843,12.35,192.00,-459.71,16.04
182669,3843,12.35,169.00,-459.30,16.66
182694,3843,12.35,210.00,-458.89,16.10
182719,3843,12.35,203.00,-458.48,16.66
182744,3843,12.35,195.00,-458.08,16.04
182769,3843,12.35,209.00,-457.68,15.99
182794,3843,12.35,176.00,-457.26,16.72
182819,3619,12.35,174.00,-456.85,16.10
182844,3619,12.35,73.00,-456.44,16.55
182869,3619,12.35,102.00,-456.05,15.65
182894,3619,12.35,122.00,-455.65,16.16
182919,3619,12.35,153.00,-455.26,15.37
182944,3619,12.35,155.00,-454.88,15.26
182969,3619,12.35,180.00,-454.48,15.88
182994,3619,12.35,165.00,-454.10,15.20
183019,3619,12.35,149.00,-453.71,15.76
183044,3619,12.35,193.00,-453.33,15.09
183069,3619,12.35,147.00,-452.95,15.09
183094,3619,12.35,189.00,-452.56,15.71
183119,3619,12.35,161.00,-452.18,15.09
183144,3619,12.35,166.00,-451.79,15.65
183169,3619,12.35,162.00,-451.42,15.09
183194,3619,12.35,169.00,-451.04,15.09
183219,3619,12.35,160.00,-450.65,15.71
183244,3619,12.35,211.00,-450.27,15.03
183269,3619,12.35,157.00,-449.88,15.71
183294,3619,12.35,173.00,-449.50,15.09
183319,3619,12.35,177.00,-449.11,15.71
183344,3619,12.35,186.00,-448.73,15.09
183369,3619,12.35,184.00,-448.35,15.09
183394,3619,12.35,190.00,-447.96,15.71
183419,3619,12.35,159.00,-447.58,15.09
183444,3619,12.35,194.00,-447.19,15.65
183469,3619,12.35,156.00,-446.81,15.09
183494,3619,12.35,208.00,-446.44,15.09
183519,3619,12.35,162.00,-446.05,15.65
183544,3619,12.35,201.00,-445.67,15.03
183569,3619,12.35,159.00,-445.28,15.71
183594,3619,12.35,209.00,-444.90,15.09
183619,3619,12.35,164.00,-444.51,15.71
183644,3619,12.35,204.00,-444.13,15.03
183669,3619,12.35,166.00,-443.75,15.09
183694,3619,12.35,204.00,-443.36,15.71
183719,3619,12.35,167.00,-442.98,15.09
183744,3619,12.35,216.00,-442.59,15.71
183769,3619,12.35,163.00,-442.21,15.09
183794,3619,12.35,199.00,-441.84,15.09
183819,3329,12.35,160.00,-441.44,15.71
183844,3329,12.35,-4.00,-441.07,14.92
183869,3329,12.35,57.00,-440.69,15.15
183894,3329,12.35,88.00,-440.33,14.31
183919,3329,12.35,146.00,-439.98,14.19
183944,3329,12.35,151.00,-439.61,14.70
183969,3329,12.35,129.00,-439.26,13.97
183994,3329,12.35,151.00,-438.90,14.53
184019,3329,12.35,157.00,-438.55,13.91
184044,3329,12.35,151.00,-438.19,14.42
184069,3329,12.35,185.00,-437.85,13.80
184094,3329,12.35,201.00,-437.50,13.86
184119,3329,12.35,142.00,-437.14,14.42
184144,3329,12.35,177.00,-436.79,13.86
184169,3329,12.35,164.00,-436.43,14.42
184194,3329,12.35,169.00,-436.09,13.86
184219,3329,12.35,141.00,-435.74,13.86
184244,3329,12.35,159.00,-435.38,14.36
184269,3329,12.35,191.00,-435.04,13.80
184294,3329,12.35,159.00,-434.68,14.42
184319,3329,12.35,171.00,-434.33,13.80
184344,3329,12.35,175.00,-433.97,14.42
184369,3329,12.35,167.00,-433.63,13.74
184394,3329,12.35,180.00,-433.28,13.80
184419,3329,12.35,211.00,-432.92,14.36
184444,3329,12.35,163.00,-432.58,13.80
184469,3329,12.35,154.00,-432.22,14.36
184494,3329,12.35,175.00,-431.87,13.86
184519,3329,12.35,182.00,-431.53,13.74
184544,3329,12.35,177.00,-431.17,14.42
184569,3329,12.35,203.00,-430.82,13.80
184594,3329,12.35,184.00,-430.46,14.42
184619,3329,12.35,152.00,-430.12,13.80
184644,3329,12.35,173.00,-429.77,13.80
184669,3329,12.35,184.00,-429.41,14.36
184694,3329,12.35,190.00,-429.07,13.86
184719,3329,12.35,200.00,-428.71,14.36
184744,3329,12.35,171.00,-428.36,13.80
184769,3329,12.35,170.00,-428.00,14.36
184794,3329,12.35,184.00,-427.66,13.86
184819,2976,12.35,173.00,-427.31,13.74
184844,2976,12.35,-28.00,-426.96,14.14
184869,2976,12.35,44.00,-426.63,13.13
184894,2976,12.35,96.00,-426.30,13.41
184919,2976,12.35,135.00,-425.98,12.73
184944,2976,12.35,132.00,-425.66,12.57
184969,2976,12.35,151.00,-425.34,13.07
184994,2976,12.35,149.00,-425.03,12.40
185019,2976,12.35,156.00,-424.71,12.90
185044,2976,12.35,118.00,-424.40,12.40
185069,2976,12.35,165.00,-424.07,12.85
185094,2976,12.35,129.00,-423.77,12.34
185119,2976,12.35,178.00,-423.46,12.29
185144,2976,12.35,139.00,-423.14,12.85
185169,2976,12.35,163.00,-422.83,12.29
185194,2976,12.35,151.00,-422.51,12.85
185219,2976,12.35,144.00,-422.20,12.29
185244,2976,12.35,155.00,-421.89,12.34
185269,2976,12.35,140.00,-421.57,12.79
185294,2976,12.35,167.00,-421.27,12.29
185319,2976,12.35,185.00,-420.95,12.79
185344,2976,12.35,141.00,-420.64,12.34
185369,2976,12.35,155.00,-420.33,12.29
185394,2976,12.35,132.00,-420.01,12.85
185419,2976,12.35,151.00,-419.70,12.29
185444,2976,12.35,167.00,-419.38,12.85
185469,2976,12.35,154.00,-419.07,12.29
185494,2976,12.35,180.00,-418.75,12.79
185519,2976,12.35,130.00,-418.45,12.34
185544,2976,12.35,152.00,-418.14,12.29
185569,2976,12.35,167.00,-417.82,12.79
185594,2976,12.35,141.00,-417.51,12.34
185619,2976,12.35,174.00,-417.19,12.79
185644,2976,12.35,119.00,-416.88,12.34
185669,2976,12.35,163.00,-416.58,12.29
185694,2976,12.35,159.00,-416.25,12.85
185719,2976,12.35,180.00,-415.95,12.29
185744,2976,12.35,169.00,-415.63,12.85
185769,2976,12.35,146.00,-415.32,12.29
185794,2976,12.35,183.00,-415.00,12.79
185819,2566,12.35,135.00,-414.69,12.29
185844,2566,12.35,-39.00,-414.39,12.06
185869,2566,12.35,43.00,-414.09,12.06
185894,2566,12.35,33.00,-413.81,11.16
185919,2566,12.35,108.00,-413.52,11.44
185944,2566,12.35,118.00,-413.25,10.83
185969,2566,12.35,88.00,-412.98,10.77
185994,2566,12.35,150.00,-412.71,11.11
186019,2566,12.35,136.00,-412.44,10.60
186044,2566,12.35,133.00,-412.16,11.05
186069,2566,12.35,143.00,-411.90,10.60
186094,2566,12.35,135.00,-411.62,11.05
186119,2566,12.35,134.00,-411.36,10.55
186144,2566,12.35,128.00,-411.09,10.60
186169,2566,12.35,131.00,-410.82,11.00
186194,2566,12.35,142.00,-410.56,10.55
186219,2566,12.35,149.00,-410.28,11.00
186244,2566,12.35,162.00,-410.02,10.55
186269,2566,12.35,173.00,-409.75,10.55
186294,2566,12.35,169.00,-409.48,11.00
186319,2566,12.35,158.00,-409.21,10.55
186344,2566,12.35,172.00,-408.94,11.00
186369,2566,12.35,168.00,-408.68,10.55
186394,2566,12.35,164.00,-408.41,10.55
186419,2566,12.35,151.00,-408.14,10.94
186444,2566,12.35,166.00,-407.88,10.55
186469,2566,12.35,164.00,-407.60,11.00
186494,2566,12.35,169.00,-407.34,10.55
186519,2566,12.35,156.00,-407.06,11.00
186544,2566,12.35,173.00,-406.80,10.55
186569,2566,12.35,161.00,-406.53,10.55
186594,2566,12.35,169.00,-406.26,11.00
186619,2566,12.35,161.00,-406.00,10.55
186644,2566,12.35,179.00,-405.72,11.00
186669,2566,12.35,180.00,-405.46,10.55
186694,2566,12.35,163.00,-405.19,10.55
186719,2566,12.35,165.00,-404.92,11.05
186744,2566,12.35,152.00,-404.65,10.55
186769,2566,12.35,166.00,-404.38,11.00
186794,2566,12.35,168.00,-404.12,10.55
186819,2106,12.35,91.00,-403.84,11.05
186844,2106,12.35,-30.00,-403.58,10.21
186869,2106,12.35,26.00,-403.34,9.71
186894,2106,12.35,42.00,-403.10,9.71
186919,2106,12.35,60.00,-402.87,9.03
186944,2106,12.35,117.00,-402.64,9.20
186969,2106,12.35,97.00,-402.42,8.75
186994,2106,12.35,105.00,-402.21,8.70
187019,2106,12.35,152.00,-401.98,8.98
187044,2106,12.35,147.00,-401.77,8.64
187069,2106,12.35,112.00,-401.54,8.98
187094,2106,12.35,111.00,-401.33,8.58
187119,2106,12.35,130.00,-401.11,8.64
187144,2106,12.35,102.00,-400.89,8.98
187169,2106,12.35,112.00,-400.67,8.58
187194,2106,12.35,142.00,-400.45,8.98
187219,2106,12.35,145.00,-400.23,8.58
187244,2106,12.35,137.00,-400.01,8.98
187269,2106,12.35,96.00,-399.79,8.58
187294,2106,12.35,147.00,-399.58,8.64
187319,2106,12.35,135.00,-399.36,8.92
187344,2106,12.35,95.00,-399.14,8.64
187369,2106,12.35,141.00,-398.91,8.98
187394,2106,12.35,116.00,-398.70,8.58
187419,2106,12.35,91.00,-398.49,8.58
187444,2106,12.35,143.00,-398.26,8.98
187469,2106,12.35,136.00,-398.05,8.58
187494,2106,12.35,110.00,-397.82,8.98
187519,2106,12.35,128.00,-397.61,8.58
187544,2106,12.35,113.00,-397.38,8.98
187569,2106,12.35,121.00,-397.17,8.58
187594,2106,12.35,117.00,-396.95,8.58
187619,2106,12.35,162.00,-396.73,8.98
187644,2106,12.35,115.00,-396.52,8.58
187669,2106,12.35,123.00,-396.29,8.92
187694,2106,12.35,122.00,-396.08,8.64
187719,2106,12.35,102.00,-395.86,8.53
187744,2106,12.35,145.00,-395.64,8.98
187769,2106,12.35,101.00,-395.42,8.58
187794,2106,12.35,114.00,-395.20,8.92
187819,1603,12.35,138.00,-394.99,8.64
187844,1603,12.35,-48.00,-394.78,8.19
187869,1603,12.35,8.00,-394.58,7.97
187894,1603,12.35,35.00,-394.40,7.18
187919,1603,12.35,30.00,-394.22,7.18
187944,1603,12.35,65.00,-394.06,6.68
187969,1603,12.35,79.00,-393.88,6.90
187994,1603,12.35,81.00,-393.72,6.56
188019,1603,12.35,91.00,-393.56,6.51
188044,1603,12.35,104.00,-393.39,6.73
188069,1603,12.35,84.00,-393.23,6.45
188094,1603,12.35,98.00,-393.06,6.73
188119,1603,12.35,78.00,-392.90,6.51
188144,1603,12.35,110.00,-392.73,6.45
188169,1603,12.35,87.00,-392.57,6.73
188194,1603,12.35,111.00,-392.40,6.45
188219,1603,12.35,85.00,-392.24,6.73
188244,1603,12.35,121.00,-392.07,6.45
188269,1603,12.35,94.00,-391.91,6.73
188294,1603,12.35,113.00,-391.75,6.45
188319,1603,12.35,83.00,-391.58,6.45
188344,1603,12.35,103.00,-391.42,6.73
188369,1603,12.35,95.00,-391.25,6.45
188394,1603,12.35,103.00,-391.09,6.73
188419,1603,12.35,110.00,-390.93,6.40
188444,1603,12.35,93.00,-390.77,6.45
188469,1603,12.35,110.00,-390.60,6.73
188494,1603,12.35,97.00,-390.44,6.45
188519,1603,12.35,87.00,-390.27,6.68
188544,1603,12.35,109.00,-390.11,6.45
188569,1603,12.35,91.00,-389.95,6.45
188594,1603,12.35,97.00,-389.78,6.68
188619,1603,12.35,108.00,-389.62,6.45
188644,1603,12.35,94.00,-389.45,6.73
188669,1603,12.35,118.00,-389.29,6.40
188694,1603,12.35,102.00,-389.12,6.73
188719,1603,12.35,90.00,-388.96,6.45
188744,1603,12.35,108.00,-388.80,6.45
188769,1603,12.35,83.00,-388.63,6.68
188794,1603,12.35,126.00,-388.47,6.45
188819,1067,12.35,101.00,-388.30,6.73
188844,1067,12.35,-28.00,-388.15,6.06
188869,1067,12.35,1.00,-388.02,5.33
188894,1067,12.35,9.00,-387.89,5.05
188919,1067,12.35,23.00,-387.78,4.60
188944,1067,12.35,50.00,-387.66,4.60
188969,1067,12.35,58.00,-387.55,4.32
188994,1067,12.35,61.00,-387.44,4.38
189019,1067,12.35,76.00,-387.34,4.21
189044,1067,12.35,63.00,-387.23,4.21
189069,1067,12.35,68.00,-387.12,4.38
189094,1067,12.35,61.00,-387.02,4.15
189119,1067,12.35,72.00,-386.91,4.38
189144,1067,12.35,74.00,-386.81,4.15
189169,1067,12.35,75.00,-386.70,4.15
189194,1067,12.35,65.00,-386.59,4.38
189219,1067,12.35,64.00,-386.49,4.21
189244,1067,12.35,59.00,-386.38,4.38
189269,1067,12.35,69.00,-386.28,4.15
189294,1067,12.35,64.00,-386.17,4.38
189319,1067,12.35,65.00,-386.06,4.21
189344,1067,12.35,62.00,-385.96,4.15
189369,1067,12.35,62.00,-385.85,4.38
189394,1067,12.35,69.00,-385.74,4.15
189419,1067,12.35,64.00,-385.63,4.38
189444,1067,12.35,62.00,-385.53,4.21
189469,1067,12.35,64.00,-385.43,4.15
189494,1067,12.35,62.00,-385.32,4.38
189519,1067,12.35,65.00,-385.21,4.15
189544,1067,12.35,72.00,-385.10,4.38
189569,1067,12.35,61.00,-385.00,4.15
189594,1067,12.35,67.00,-384.89,4.21
189619,1067,12.35,69.00,-384.79,4.32
189644,1067,12.35,66.00,-384.68,4.15
189669,1067,12.35,69.00,-384.57,4.32
189694,1067,12.35,75.00,-384.47,4.21
189719,1067,12.35,62.00,-384.36,4.32
189744,1067,12.35,65.00,-384.26,4.15
189769,1067,12.35,63.00,-384.15,4.21
189794,1067,12.35,77.00,-384.04,4.32
189819,507,12.35,57.00,-383.94,4.15
189844,507,12.35,-24.00,-383.85,3.81
189869,507,12.35,1.00,-383.78,2.80
189894,507,12.35,12.00,-383.71,2.47
189919,507,12.35,28.00,-383.66,2.24
189944,507,12.35,24.00,-383.61,2.02
189969,507,12.35,29.00,-383.56,1.96
189994,507,12.35,33.00,-383.51,1.91
190019,507,12.35,40.00,-383.46,1.91
190044,507,12.35,39.00,-383.42,1.80
190069,507,12.35,38.00,-383.37,1.85
190094,507,12.35,40.00,-383.32,1.91
190119,507,12.35,41.00,-383.28,1.80
190144,507,12.35,41.00,-383.23,1.91
190169,507,12.35,39.00,-383.19,1.80
190194,507,12.35,39.00,-383.14,1.80
190219,507,12.35,38.00,-383.09,1.91
190244,507,12.35,38.00,-383.05,1.85
190269,507,12.35,39.00,-383.00,1.85
190294,507,12.35,41.00,-382.95,1.85
190319,507,12.35,39.00,-382.91,1.80
190344,507,12.35,32.00,-382.86,1.91
190369,507,12.35,35.00,-382.82,1.85
190394,507,12.35,30.00,-382.77,1.91
190419,507,12.35,33.00,-382.72,1.80
190444,507,12.35,29.00,-382.68,1.91
190469,507,12.35,30.00,-382.63,1.85
190494,507,12.35,26.00,-382.58,1.80
190519,507,12.35,29.00,-382.54,1.91
190544,507,12.35,28.00,-382.49,1.85
190569,507,12.35,28.00,-382.44,1.91
190594,507,12.35,31.00,-382.40,1.85
190619,507,12.35,31.00,-382.35,1.80
190644,507,12.35,29.00,-382.30,1.91
190669,507,12.35,32.00,-382.26,1.85
190694,507,12.35,35.00,-382.21,1.91
190719,507,12.35,41.00,-382.16,1.80
190744,507,12.35,40.00,-382.12,1.91
190769,507,12.35,39.00,-382.07,1.85
190794,507,12.35,38.00,-382.03,1.80
190819,-66,12.35,39.00,-381.98,1.91
190844,-66,12.35,18.00,-381.95,1.23
190869,-66,12.35,15.00,-381.94,0.39
190894,-66,12.35,14.00,-381.94,0.00
190919,-66,12.35,12.00,-381.94,0.00
190944,-66,12.35,12.00,-381.94,0.00
190969,-66,12.35,13.00,-381.94,0.00
190994,-66,12.35,14.00,-381.94,0.00
191019,-66,12.35,13.00,-381.94,0.00
191044,-66,12.35,12.00,-381.94,0.00
191069,-66,12.35,14.00,-381.94,0.00
191094,-66,12.35,14.00,-381.94,0.00
191119,-66,12.35,13.00,-381.94,0.00
191144,-66,12.35,13.00,-381.94,0.00
191169,-66,12.35,14.00,-381.94,0.00
191194,-66,12.35,12.00,-381.94,0.00
191219,-66,12.35,12.00,-381.94,0.00
191244,-66,12.35,13.00,-381.94,0.00
191269,-66,12.35,13.00,-381.94,0.00
191294,-66,12.35,13.00,-381.94,0.00
191319,-66,12.35,13.00,-381.94,0.00
191344,-66,12.35,14.00,-381.94,0.00
191369,-66,12.35,13.00,-381.94,0.00
191394,-66,12.35,12.00,-381.94,0.00
191419,-66,12.35,13.00,-381.94,0.00
191444,-66,12.35,14.00,-381.94,0.00
191469,-66,12.35,13.00,-381.94,0.00
191494,-66,12.35,12.00,-381.94,0.00
191519,-66,12.35,14.00,-381.94,0.00
191544,-66,12.35,13.00,-381.94,0.00
191569,-66,12.35,13.00,-381.94,0.00
191594,-66,12.35,12.00,-381.94,0.00
191619,-66,12.35,13.00,-381.94,0.00
191644,-66,12.35,14.00,-381.94,0.00
191669,-66,12.35,14.00,-381.94,0.00
191694,-66,12.35,13.00,-381.94,0.00
191719,-66,12.35,13.00,-381.94,0.00
191744,-66,12.35,14.00,-381.94,0.00
191769,-66,12.35,13.00,-381.94,0.00
191794,-66,12.35,13.00,-381.94,0.00
191819,-641,12.35,13.00,-381.94,0.00
191844,-641,12.35,135.00,-381.95,-0.62
191869,-641,12.35,96.00,-381.99,-1.35
191894,-641,12.35,74.00,-382.03,-1.85
191919,-641,12.35,61.00,-382.08,-2.08
191944,-641,12.35,53.00,-382.14,-2.19
191969,-641,12.35,39.00,-382.20,-2.36
191994,-641,12.35,35.00,-382.26,-2.30
192019,-641,12.35,38.00,-382.32,-2.41
192044,-641,12.35,38.00,-382.38,-2.36
192069,-641,12.35,43.00,-382.43,-2.36
192094,-641,12.35,46.00,-382.50,-2.47
192119,-641,12.35,45.00,-382.55,-2.36
192144,-641,12.35,43.00,-382.62,-2.47
192169,-641,12.35,44.00,-382.68,-2.36
192194,-641,12.35,43.00,-382.74,-2.47
192219,-641,12.35,42.00,-382.80,-2.36
192244,-641,12.35,39.00,-382.85,-2.36
192269,-641,12.35,37.00,-382.92,-2.47
192294,-641,12.35,31.00,-382.98,-2.36
192319,-641,12.35,37.00,-383.04,-2.47
192344,-641,12.35,34.00,-383.10,-2.36
192369,-641,12.35,31.00,-383.16,-2.36
192394,-641,12.35,41.00,-383.22,-2.41
192419,-641,12.35,36.00,-383.27,-2.36
192444,-641,12.35,35.00,-383.34,-2.47
192469,-641,12.35,42.00,-383.39,-2.36
192494,-641,12.35,47.00,-383.46,-2.47
192519,-641,12.35,43.00,-383.52,-2.36
192544,-641,12.35,43.00,-383.57,-2.36
192569,-641,12.35,48.00,-383.63,-2.41
192594,-641,12.35,41.00,-383.69,-2.36
192619,-641,12.35,38.00,-383.76,-2.47
192644,-641,12.35,39.00,-383.81,-2.36
192669,-641,12.35,30.00,-383.87,-2.30
192694,-641,12.35,30.00,-383.93,-2.47
192719,-641,12.35,38.00,-383.99,-2.36
192744,-641,12.35,39.00,-384.05,-2.41
192769,-641,12.35,39.00,-384.11,-2.36
192794,-641,12.35,37.00,-384.17,-2.36
192819,-1206,12.35,39.00,-384.23,-2.47
192844,-1206,12.35,218.00,-384.30,-2.86
192869,-1206,12.35,163.00,-384.40,-3.76
192894,-1206,12.35,133.00,-384.50,-4.04
192919,-1206,12.35,115.00,-384.61,-4.49
192944,-1206,12.35,79.00,-384.72,-4.43
192969,-1206,12.35,85.00,-384.84,-4.54
192994,-1206,12.35,79.00,-384.95,-4.77
193019,-1206,12.35,81.00,-385.07,-4.66
193044,-1206,12.35,77.00,-385.19,-4.77
193069,-1206,12.35,59.00,-385.31,-4.66
193094,-1206,12.35,77.00,-385.42,-4.66
193119,-1206,12.35,74.00,-385.54,-4.82
193144,-1206,12.35,63.00,-385.66,-4.66
193169,-1206,12.35,66.00,-385.78,-4.82
193194,-1206,12.35,77.00,-385.90,-4.66
193219,-1206,12.35,79.00,-386.02,-4.88
193244,-1206,12.35,72.00,-386.14,-4.66
193269,-1206,12.35,90.00,-386.25,-4.66
193294,-1206,12.35,75.00,-386.37,-4.88
193319,-1206,12.35,76.00,-386.49,-4.66
193344,-1206,12.35,78.00,-386.61,-4.88
193369,-1206,12.35,61.00,-386.73,-4.66
193394,-1206,12.35,67.00,-386.85,-4.66
193419,-1206,12.35,65.00,-386.97,-4.88
193444,-1206,12.35,79.00,-387.08,-4.66
193469,-1206,12.35,72.00,-387.21,-4.88
193494,-1206,12.35,76.00,-387.32,-4.66
193519,-1206,12.35,75.00,-387.44,-4.71
193544,-1206,12.35,81.00,-387.56,-4.88
193569,-1206,12.35,75.00,-387.68,-4.71
193594,-1206,12.35,71.00,-387.80,-4.88
193619,-1206,12.35,68.00,-387.92,-4.66
193644,-1206,12.35,75.00,-388.04,-4.88
193669,-1206,12.35,79.00,-388.16,-4.71
193694,-1206,12.35,81.00,-388.27,-4.66
193719,-1206,12.35,75.00,-388.40,-4.94
193744,-1206,12.35,65.00,-388.51,-4.66
193769,-1206,12.35,84.00,-388.64,-4.88
193794,-1206,12.35,78.00,-388.75,-4.71
193819,-1750,12.35,76.00,-388.87,-4.66
193844,-1750,12.35,310.00,-389.00,-5.39
193869,-1750,12.35,206.00,-389.15,-5.83
193894,-1750,12.35,172.00,-389.31,-6.56
193919,-1750,12.35,153.00,-389.48,-6.51
193944,-1750,12.35,137.00,-389.65,-6.96
193969,-1750,12.35,100.00,-389.82,-6.79
193994,-1750,12.35,95.00,-389.99,-6.84
194019,-1750,12.35,112.00,-390.17,-7.18
194044,-1750,12.35,106.00,-390.34,-6.90
194069,-1750,12.35,90.00,-390.52,-7.18
194094,-1750,12.35,88.00,-390.70,-6.90
194119,-1750,12.35,109.00,-390.87,-6.90
194144,-1750,12.35,104.00,-391.05,-7.24
194169,-1750,12.35,116.00,-391.22,-6.90
194194,-1750,12.35,102.00,-391.40,-7.18
194219,-1750,12.35,113.00,-391.57,-6.90
194244,-1750,12.35,109.00,-391.75,-6.96
194269,-1750,12.35,84.00,-391.93,-7.18
194294,-1750,12.35,112.00,-392.10,-6.90
194319,-1750,12.35,112.00,-392.28,-7.24
194344,-1750,12.35,100.00,-392.45,-6.90
194369,-1750,12.35,115.00,-392.63,-7.18
194394,-1750,12.35,95.00,-392.81,-6.90
194419,-1750,12.35,80.00,-392.98,-6.90
194444,-1750,12.35,118.00,-393.16,-7.24
194469,-1750,12.35,101.00,-393.33,-6.90
194494,-1750,12.35,112.00,-393.51,-7.18
194519,-1750,12.35,99.00,-393.68,-6.90
194544,-1750,12.35,88.00,-393.86,-6.96
194569,-1750,12.35,119.00,-394.04,-7.18
194594,-1750,12.35,81.00,-394.21,-6.96
194619,-1750,12.35,97.00,-394.39,-7.18
194644,-1750,12.35,104.00,-394.56,-6.90
194669,-1750,12.35,92.00,-394.74,-7.24
194694,-1750,12.35,100.00,-394.92,-6.90
194719,-1750,12.35,104.00,-395.09,-6.96
194744,-1750,12.35,132.00,-395.27,-7.18
194769,-1750,12.35,82.00,-395.44,-6.96
194794,-1750,12.35,99.00,-395.62,-7.18
194819,-2261,12.35,92.00,-395.80,-6.96
194844,-2261,12.35,343.00,-395.98,-7.29
194869,-2261,12.35,256.00,-396.19,-8.30
194894,-2261,12.35,188.00,-396.39,-8.30
194919,-2261,12.35,176.00,-396.62,-8.92
194944,-2261,12.35,149.00,-396.84,-8.75
194969,-2261,12.35,167.00,-397.06,-8.81
194994,-2261,12.35,115.00,-397.29,-9.31
195019,-2261,12.35,150.00,-397.51,-8.98
195044,-2261,12.35,133.00,-397.75,-9.37
195069,-2261,12.35,125.00,-397.97,-8.98
195094,-2261,12.35,119.00,-398.21,-9.37
195119,-2261,12.35,113.00,-398.43,-9.03
195144,-2261,12.35,129.00,-398.66,-9.03
195169,-2261,12.35,165.00,-398.89,-9.37
195194,-2261,12.35,144.00,-399.12,-9.03
195219,-2261,12.35,139.00,-399.35,-9.37
195244,-2261,12.35,123.00,-399.58,-8.98
195269,-2261,12.35,106.00,-399.80,-9.03
195294,-2261,12.35,121.00,-400.04,-9.42
195319,-2261,12.35,107.00,-400.26,-9.03
195344,-2261,12.35,144.00,-400.50,-9.37
195369,-2261,12.35,124.00,-400.72,-9.03
195394,-2261,12.35,127.00,-400.96,-9.42
195419,-2261,12.35,128.00,-401.19,-9.03
195444,-2261,12.35,121.00,-401.41,-9.03
195469,-2261,12.35,137.00,-401.65,-9.37
195494,-2261,12.35,119.00,-401.87,-9.09
195519,-2261,12.35,137.00,-402.11,-9.37
195544,-2261,12.35,125.00,-402.33,-9.09
195569,-2261,12.35,142.00,-402.56,-9.03
195594,-2261,12.35,128.00,-402.80,-9.42
195619,-2261,12.35,139.00,-403.02,-9.03
195644,-2261,12.35,118.00,-403.26,-9.42
195669,-2261,12.35,120.00,-403.48,-8.98
195694,-2261,12.35,115.00,-403.72,-9.42
195719,-2261,12.35,126.00,-403.94,-9.03
195744,-2261,12.35,137.00,-404.17,-9.03
195769,-2261,12.35,121.00,-404.40,-9.42
195794,-2261,12.35,131.00,-404.63,-8.98
195819,-2728,12.35,117.00,-404.86,-9.42
195844,-2728,12.35,347.00,-405.10,-9.37
195869,-2728,12.35,303.00,-405.35,-9.87
195894,-2728,12.35,240.00,-405.61,-10.60
195919,-2728,12.35,203.00,-405.87,-10.49
195944,-2728,12.35,157.00,-406.15,-11.11
195969,-2728,12.35,201.00,-406.42,-10.72
195994,-2728,12.35,143.00,-406.69,-10.83
196019,-2728,12.35,131.00,-406.97,-11.28
196044,-2728,12.35,137.00,-407.24,-10.94
196069,-2728,12.35,101.00,-407.53,-11.33
196094,-2728,12.35,145.00,-407.80,-10.94
196119,-2728,12.35,193.00,-408.09,-11.39
196144,-2728,12.35,122.00,-408.36,-10.94
196169,-2728,12.35,127.00,-408.63,-10.94
196194,-2728,12.35,193.00,-408.92,-11.39
196219,-2728,12.35,125.00,-409.19,-11.00
196244,-2728,12.35,106.00,-409.48,-11.39
196269,-2728,12.35,159.00,-409.75,-10.94
196294,-2728,12.35,153.00,-410.02,-10.94
196319,-2728,12.35,97.00,-410.31,-11.44
196344,-2728,12.35,144.00,-410.58,-10.94
196369,-2728,12.35,180.00,-410.87,-11.39
196394,-2728,12.35,112.00,-411.14,-11.00
196419,-2728,12.35,108.00,-411.43,-11.39
196444,-2728,12.35,148.00,-411.70,-10.94
196469,-2728,12.35,179.00,-411.97,-10.88
196494,-2728,12.35,136.00,-412.26,-11.44
196519,-2728,12.35,108.00,-412.53,-10.94
196544,-2728,12.35,157.00,-412.82,-11.39
196569,-2728,12.35,181.00,-413.09,-10.94
196594,-2728,12.35,100.00,-413.37,-11.00
196619,-2728,12.35,147.00,-413.65,-11.39
196644,-2728,12.35,200.00,-413.92,-10.94
196669,-2728,12.35,97.00,-414.21,-11.39
196694,-2728,12.35,135.00,-414.48,-11.00
196719,-2728,12.35,189.00,-414.76,-10.94
196744,-2728,12.35,85.00,-415.04,-11.44
196769,-2728,12.35,131.00,-415.32,-10.94
196794,-2728,12.35,158.00,-415.60,-11.44
196819,-3141,12.35,152.00,-415.88,-10.94
196844,-3141,12.35,322.00,-416.17,-11.72
196869,-3141,12.35,317.00,-416.46,-11.67
196894,-3141,12.35,221.00,-416.76,-12.01
196919,-3141,12.35,246.00,-417.08,-12.68
196944,-3141,12.35,213.00,-417.39,-12.34
196969,-3141,12.35,210.00,-417.71,-12.96
196994,-3141,12.35,189.00,-418.02,-12.45
197019,-3141,12.35,187.00,-418.34,-12.57
197044,-3141,12.35,167.00,-418.66,-13.07
197069,-3141,12.35,158.00,-418.98,-12.62
197094,-3141,12.35,138.00,-419.31,-13.13
197119,-3141,12.35,171.00,-419.62,-12.62
197144,-3141,12.35,165.00,-419.95,-13.13
197169,-3141,12.35,145.00,-420.27,-12.68
197194,-3141,12.35,144.00,-420.58,-12.62
197219,-3141,12.35,150.00,-420.91,-13.18
197244,-3141,12.35,170.00,-421.23,-12.62
197269,-3141,12.35,162.00,-421.56,-13.18
197294,-3141,12.35,177.00,-421.87,-12.62
197319,-3141,12.35,160.00,-422.19,-12.62
197344,-3141,12.35,178.00,-422.52,-13.18
197369,-3141,12.35,163.00,-422.84,-12.68
197394,-3141,12.35,170.00,-423.16,-13.13
197419,-3141,12.35,139.00,-423.48,-12.68
197444,-3141,12.35,171.00,-423.80,-12.62
197469,-3141,12.35,130.00,-424.13,-13.18
197494,-3141,12.35,139.00,-424.44,-12.57
197519,-3141,12.35,153.00,-424.77,-13.18
197544,-3141,12.35,164.00,-425.09,-12.62
197569,-3141,12.35,147.00,-425.42,-13.18
197594,-3141,12.35,149.00,-425.73,-12.62
197619,-3141,12.35,154.00,-426.05,-12.62
197644,-3141,12.35,136.00,-426.38,-13.18
197669,-3141,12.35,158.00,-426.69,-12.68
197694,-3141,12.35,154.00,-427.02,-13.18
197719,-3141,12.35,163.00,-427.34,-12.62
197744,-3141,12.35,158.00,-427.65,-12.68
197769,-3141,12.35,169.00,-427.98,-13.18
197794,-3141,12.35,156.00,-428.30,-12.68
197819,-3489,12.35,173.00,-428.63,-13.13
197844,-3489,12.35,391.00,-428.95,-12.90
197869,-3489,12.35,291.00,-429.30,-13.74
197894,-3489,12.35,242.00,-429.63,-13.52
197919,-3489,12.35,236.00,-429.97,-13.63
197944,-3489,12.35,212.00,-430.33,-14.31
197969,-3489,12.35,189.00,-430.68,-13.86
197994,-3489,12.35,201.00,-431.04,-14.47
198019,-3489,12.35,178.00,-431.39,-13.97
198044,-3489,12.35,187.00,-431.74,-14.02
198069,-3489,12.35,177.00,-432.11,-14.59
198094,-3489,12.35,183.00,-432.46,-14.08
198119,-3489,12.35,163.00,-432.82,-14.64
198144,-3489,12.35,155.00,-433.18,-14.08
198169,-3489,12.35,173.00,-433.53,-14.02
198194,-3489,12.35,188.00,-433.89,-14.70
198219,-3489,12.35,197.00,-434.25,-14.08
198244,-3489,12.35,185.00,-434.61,-14.70
198269,-3489,12.35,156.00,-434.97,-14.14
198294,-3489,12.35,152.00,-435.33,-14.70
198319,-3489,12.35,160.00,-435.69,-14.08
198344,-3489,12.35,159.00,-436.04,-14.08
198369,-3489,12.35,151.00,-436.40,-14.64
198394,-3489,12.35,158.00,-436.76,-14.08
198419,-3489,12.35,173.00,-437.12,-14.70
198444,-3489,12.35,174.00,-437.48,-14.08
198469,-3489,12.35,162.00,-437.83,-14.08
198494,-3489,12.35,162.00,-438.19,-14.70
198519,-3489,12.35,175.00,-438.55,-14.08
198544,-3489,12.35,179.00,-438.91,-14.70
198569,-3489,12.35,174.00,-439.27,-14.14
198594,-3489,12.35,167.00,-439.64,-14.70
198619,-3489,12.35,172.00,-439.99,-14.08
198644,-3489,12.35,151.00,-440.34,-14.14
198669,-3489,12.35,149.00,-440.71,-14.64
198694,-3489,12.35,154.00,-441.06,-14.08
198719,-3489,12.35,156.00,-441.43,-14.70
198744,-3489,12.35,160.00,-441.78,-14.08
198769,-3489,12.35,167.00,-442.13,-14.02
198794,-3489,12.35,158.00,-442.50,-14.70
198819,-3765,12.35,157.00,-442.85,-14.08
198844,-3765,12.35,333.00,-443.22,-14.81
198869,-3765,12.35,301.00,-443.58,-14.53
198894,-3765,12.35,250.00,-443.96,-15.32
198919,-3765,12.35,227.00,-444.34,-14.87
198944,-3765,12.35,220.00,-444.71,-14.98
198969,-3765,12.35,198.00,-445.10,-15.65
198994,-3765,12.35,189.00,-445.48,-15.03
199019,-3765,12.35,200.00,-445.87,-15.76
199044,-3765,12.35,172.00,-446.25,-15.15
199069,-3765,12.35,175.00,-446.63,-15.15
199094,-3765,12.35,185.00,-447.02,-15.82
199119,-3765,12.35,169.00,-447.40,-15.20
199144,-3765,12.35,182.00,-447.80,-15.82
199169,-3765,12.35,182.00,-448.18,-15.15
199194,-3765,12.35,199.00,-448.56,-15.20
199219,-3765,12.35,176.00,-448.95,-15.82
199244,-3765,12.35,157.00,-449.33,-15.20
199269,-3765,12.35,189.00,-449.73,-15.76
199294,-3765,12.35,181.00,-450.11,-15.20
199319,-3765,12.35,184.00,-450.50,-15.82
199344,-3765,12.35,152.00,-450.88,-15.20
199369,-3765,12.35,178.00,-451.26,-15.20
199394,-3765,12.35,164.00,-451.66,-15.82
199419,-3765,12.35,174.00,-452.04,-15.20
199444,-3765,12.35,175.00,-452.44,-15.88
199469,-3765,12.35,185.00,-452.82,-15.20
199494,-3765,12.35,165.00,-453.20,-15.20
199519,-3765,12.35,167.00,-453.59,-15.82
199544,-3765,12.35,180.00,-453.97,-15.20
199569,-3765,12.35,172.00,-454.37,-15.88
199594,-3765,12.35,158.00,-454.75,-15.20
199619,-3765,12.35,187.00,-455.15,-15.82
199644,-3765,12.35,175.00,-455.53,-15.20
199669,-3765,12.35,177.00,-455.91,-15.20
199694,-3765,12.35,187.00,-456.30,-15.82
199719,-3765,12.35,176.00,-456.68,-15.20
199744,-3765,12.35,159.00,-457.08,-15.82
199769,-3765,12.35,196.00,-457.46,-15.20
199794,-3765,12.35,168.00,-457.84,-15.20
199819,-3961,12.35,167.00,-458.23,-15.88
199844,-3961,12.35,290.00,-458.62,-15.32
199869,-3961,12.35,266.00,-459.02,-16.16
199894,-3961,12.35,241.00,-459.41,-15.65
199919,-3961,12.35,220.00,-459.81,-15.76
199944,-3961,12.35,205.00,-460.22,-16.49
199969,-3961,12.35,205.00,-460.61,-15.88
199994,-3961,12.35,206.00,-461.03,-16.61
200019,-3961,12.35,182.00,-461.43,-15.88
200044,-3961,12.35,194.00,-461.84,-16.66
200069,-3961,12.35,191.00,-462.24,-15.93
200094,-3961,12.35,205.00,-462.64,-15.99
200119,-3961,12.35,187.00,-463.06,-16.61
200144,-3961,12.35,191.00,-463.46,-15.99
200169,-3961,12.35,165.00,-463.87,-16.66
200194,-3961,12.35,180.00,-464.27,-16.04
200219,-3961,12.35,184.00,-464.67,-15.99
200244,-3961,12.35,173.00,-465.09,-16.66
200269,-3961,12.35,189.00,-465.49,-16.04
200294,-3961,12.35,188.00,-465.91,-16.66
200319,-3961,12.35,182.00,-466.31,-16.04
200344,-3961,12.35,189.00,-466.73,-16.66
200369,-3961,12.35,179.00,-467.13,-15.99
200394,-3961,12.35,182.00,-467.53,-15.99
200419,-3961,12.35,173.00,-467.94,-16.72
200444,-3961,12.35,181.00,-468.34,-15.99
200469,-3961,12.35,185.00,-468.76,-16.66
200494,-3961,12.35,189.00,-469.16,-15.99
200519,-3961,12.35,191.00,-469.56,-15.99
200544,-3961,12.35,168.00,-469.98,-16.66
200569,-3961,12.35,176.00,-470.38,-16.04
200594,-3961,12.35,179.00,-470.79,-16.66
200619,-3961,12.35,176.00,-471.19,-16.04
200644,-3961,12.35,181.00,-471.60,-16.04
200669,-3961,12.35,191.00,-472.01,-16.66
200694,-3961,12.35,176.00,-472.41,-15.99
200719,-3961,12.35,182.00,-472.83,-16.72
200744,-3961,12.35,182.00,-473.23,-15.99
200769,-3961,12.35,169.00,-473.65,-16.66
200794,-3961,12.35,177.00,-474.05,-16.04
200819,-4071,12.35,182.00,-474.45,-15.99
200844,-4071,12.35,265.00,-474.86,-16.72
200869,-4071,12.35,255.00,-475.27,-16.16
200894,-4071,12.35,226.00,-475.69,-16.94
200919,-4071,12.35,217.00,-476.10,-16.33
200944,-4071,12.35,204.00,-476.51,-16.38
200969,-4071,12.35,191.00,-476.94,-17.05
200994,-4071,12.35,189.00,-477.35,-16.38
201019,-4071,12.35,197.00,-477.77,-17.11
201044,-4071,12.35,177.00,-478.18,-16.44
201069,-4071,12.35,194.00,-478.61,-17.17
201094,-4071,12.35,195.00,-479.02,-16.44
201119,-4071,12.35,177.00,-479.44,-16.49
201144,-4071,12.35,198.00,-479.86,-17.11
201169,-4071,12.35,193.00,-480.28,-16.44
201194,-4071,12.35,181.00,-480.70,-17.11
201219,-4071,12.35,192.00,-481.11,-16.44
201244,-4071,12.35,182.00,-481.52,-16.44
201269,-4071,12.35,185.00,-481.95,-17.17
201294,-4071,12.35,187.00,-482.36,-16.44
201319,-4071,12.35,187.00,-482.79,-17.11
201344,-4071,12.35,186.00,-483.21,-16.49
201369,-4071,12.35,191.00,-483.62,-16.44
201394,-4071,12.35,180.00,-484.05,-17.17
201419,-4071,12.35,184.00,-484.46,-16.44
201444,-4071,12.35,190.00,-484.89,-17.17
201469,-4071,12.35,173.00,-485.30,-16.44
201494,-4071,12.35,188.00,-485.73,-17.17
201519,-4071,12.35,197.00,-486.14,-16.44
201544,-4071,12.35,179.00,-486.55,-16.44
201569,-4071,12.35,194.00,-486.98,-17.17
201594,-4071,12.35,196.00,-487.39,-16.38
201619,-4071,12.35,185.00,-487.81,-17.11
201644,-4071,12.35,188.00,-488.23,-16.49
201669,-4071,12.35,182.00,-488.64,-16.44
201694,-4071,12.35,175.00,-489.06,-17.11
201719,-4071,12.35,187.00,-489.48,-16.49
201744,-4071,12.35,188.00,-489.90,-17.11
201769,-4071,12.35,194.00,-490.32,-16.49
201794,-4071,12.35,187.00,-490.74,-17.11
201819,-4093,12.35,183.00,-491.16,-16.49
201844,-4093,12.35,201.00,-491.57,-16.44
201869,-4093,12.35,197.00,-492.00,-17.17
201894,-4093,12.35,179.00,-492.41,-16.55
201919,-4093,12.35,199.00,-492.84,-17.17
201944,-4093,12.35,184.00,-493.25,-16.49
201969,-4093,12.35,213.00,-493.67,-16.55
201994,-4093,12.35,189.00,-494.10,-17.17
202019,-4093,12.35,190.00,-494.51,-16.55
202044,-4093,12.35,173.00,-494.94,-17.17
202069,-4093,12.35,199.00,-495.35,-16.55
202094,-4093,12.35,189.00,-495.78,-17.28
202119,-4093,12.35,190.00,-496.20,-16.55
202144,-4093,12.35,181.00,-496.61,-16.55
202169,-4093,12.35,184.00,-497.04,-17.22
202194,-4093,12.35,184.00,-497.46,-16.55
202219,-4093,12.35,190.00,-497.89,-17.28
202244,-4093,12.35,182.00,-498.30,-16.55
202269,-4093,12.35,204.00,-498.71,-16.49
202294,-4093,12.35,182.00,-499.14,-17.22
202319,-4093,12.35,190.00,-499.56,-16.55
202344,-4093,12.35,190.00,-499.99,-17.22
202369,-4093,12.35,202.00,-500.40,-16.55
202394,-4093,12.35,178.00,-500.82,-16.55
202419,-4093,12.35,196.00,-501.25,-17.22
202444,-4093,12.35,184.00,-501.66,-16.55
202469,-4093,12.35,186.00,-502.09,-17.22
202494,-4093,12.35,176.00,-502.50,-16.55
202519,-4093,12.35,188.00,-502.94,-17.22
202544,-4093,12.35,194.00,-503.35,-16.55
202569,-4093,12.35,188.00,-503.76,-16.61
202594,-4093,12.35,172.00,-504.19,-17.22
202619,-4093,12.35,186.00,-504.61,-16.55
202644,-4093,12.35,191.00,-505.04,-17.22
202669,-4093,12.35,197.00,-505.45,-16.55
202694,-4093,12.35,186.00,-505.87,-16.49
202719,-4093,12.35,188.00,-506.30,-17.22
202744,-4093,12.35,188.00,-506.71,-16.55
202769,-4093,12.35,176.00,-507.14,-17.22
202794,-4093,12.35,192.00,-507.55,-16.55
202819,-4023,12.35,188.00,-507.98,-17.22
202844,-4023,12.35,142.00,-508.40,-16.49
202869,-4023,12.35,159.00,-508.81,-16.44
202894,-4023,12.35,158.00,-509.24,-17.11
202919,-4023,12.35,161.00,-509.64,-16.33
202944,-4023,12.35,171.00,-510.07,-17.00
202969,-4023,12.35,170.00,-510.48,-16.33
202994,-4023,12.35,180.00,-510.88,-16.27
203019,-4023,12.35,182.00,-511.31,-17.00
203044,-4023,12.35,182.00,-511.71,-16.27
203069,-4023,12.35,191.00,-512.14,-16.89
203094,-4023,12.35,185.00,-512.54,-16.27
203119,-4023,12.35,188.00,-512.95,-16.27
203144,-4023,12.35,186.00,-513.37,-16.89
203169,-4023,12.35,182.00,-513.78,-16.27
203194,-4023,12.35,189.00,-514.20,-16.94
203219,-4023,12.35,181.00,-514.61,-16.27
203244,-4023,12.35,193.00,-515.03,-16.94
203269,-4023,12.35,182.00,-515.44,-16.27
203294,-4023,12.35,179.00,-515.85,-16.27
203319,-4023,12.35,169.00,-516.27,-16.94
203344,-4023,12.35,176.00,-516.68,-16.27
203369,-4023,12.35,159.00,-517.10,-16.94
203394,-4023,12.35,175.00,-517.51,-16.21
203419,-4023,12.35,171.00,-517.91,-16.27
203444,-4023,12.35,169.00,-518.34,-16.94
203469,-4023,12.35,187.00,-518.74,-16.21
203494,-4023,12.35,184.00,-519.16,-16.89
203519,-4023,12.35,181.00,-519.57,-16.27
203544,-4023,12.35,173.00,-519.99,-16.94
203569,-4023,12.35,177.00,-520.40,-16.27
203594,-4023,12.35,163.00,-520.81,-16.21
203619,-4023,12.35,176.00,-521.23,-16.94
203644,-4023,12.35,173.00,-521.64,-16.27
203669,-4023,12.35,174.00,-522.06,-16.94
203694,-4023,12.35,171.00,-522.47,-16.27
203719,-4023,12.35,184.00,-522.87,-16.27
203744,-4023,12.35,172.00,-523.30,-16.94
203769,-4023,12.35,189.00,-523.70,-16.27
203794,-4023,12.35,186.00,-524.13,-16.89
203819,-3862,12.35,178.00,-524.53,-16.27
203844,-3862,12.35,83.00,-524.94,-16.16
203869,-3862,12.35,108.00,-525.35,-16.66
203894,-3862,12.35,126.00,-525.75,-15.88
203919,-3862,12.35,156.00,-526.16,-16.49
203944,-3862,12.35,165.00,-526.55,-15.71
203969,-3862,12.35,160.00,-526.96,-16.38
203994,-3862,12.35,163.00,-527.36,-15.71
204019,-3862,12.35,173.00,-527.75,-15.65
204044,-3862,12.35,163.00,-528.16,-16.33
204069,-3862,12.35,163.00,-528.55,-15.65
204094,-3862,12.35,170.00,-528.95,-16.27
204119,-3862,12.35,158.00,-529.35,-15.65
204144,-3862,12.35,166.00,-529.74,-15.65
204169,-3862,12.35,179.00,-530.14,-16.27
204194,-3862,12.35,176.00,-530.53,-15.60
204219,-3862,12.35,185.00,-530.94,-16.27
204244,-3862,12.35,194.00,-531.33,-15.60
204269,-3862,12.35,188.00,-531.74,-16.27
204294,-3862,12.35,198.00,-532.13,-15.60
204319,-3862,12.35,184.00,-532.52,-15.65
204344,-3862,12.35,173.00,-532.92,-16.27
204369,-3862,12.35,180.00,-533.31,-15.60
204394,-3862,12.35,173.00,-533.72,-16.27
204419,-3862,12.35,163.00,-534.11,-15.65
204444,-3862,12.35,186.00,-534.50,-15.65
204469,-3862,12.35,169.00,-534.91,-16.27
204494,-3862,12.35,175.00,-535.30,-15.60
204519,-3862,12.35,177.00,-535.71,-16.27
204544,-3862,12.35,164.00,-536.10,-15.65
204569,-3862,12.35,180.00,-536.49,-15.60
204594,-3862,12.35,183.00,-536.90,-16.27
204619,-3862,12.35,186.00,-537.29,-15.60
204644,-3862,12.35,186.00,-537.69,-16.27
204669,-3862,12.35,186.00,-538.08,-15.60
204694,-3862,12.35,175.00,-538.49,-16.27
204719,-3862,12.35,191.00,-538.88,-15.65
204744,-3862,12.35,175.00,-539.27,-15.60
204769,-3862,12.35,185.00,-539.68,-16.27
204794,-3862,12.35,189.00,-540.07,-15.60
204819,-3613,12.35,172.00,-540.47,-16.33
204844,-3613,12.35,7.00,-540.86,-15.43
204869,-3613,12.35,63.00,-541.24,-15.26
204894,-3613,12.35,90.00,-541.63,-15.71
204919,-3613,12.35,118.00,-542.01,-14.92
204944,-3613,12.35,129.00,-542.39,-15.43
204969,-3613,12.35,146.00,-542.76,-14.75
204994,-3613,12.35,141.00,-543.14,-15.32
205019,-3613,12.35,184.00,-543.51,-14.70
205044,-3613,12.35,168.00,-543.88,-14.59
205069,-3613,12.35,166.00,-544.26,-15.26
205094,-3613,12.35,156.00,-544.62,-14.64
205119,-3613,12.35,165.00,-545.00,-15.20
205144,-3613,12.35,172.00,-545.37,-14.64
205169,-3613,12.35,162.00,-545.74,-14.59
205194,-3613,12.35,152.00,-546.12,-15.26
205219,-3613,12.35,176.00,-546.48,-14.59
205244,-3613,12.35,171.00,-546.86,-15.26
205269,-3613,12.35,160.00,-547.23,-14.59
205294,-3613,12.35,169.00,-547.61,-15.26
205319,-3613,12.35,168.00,-547.97,-14.59
205344,-3613,12.35,169.00,-548.34,-14.64
205369,-3613,12.35,179.00,-548.72,-15.20
205394,-3613,12.35,165.00,-549.08,-14.59
205419,-3613,12.35,165.00,-549.47,-15.26
205444,-3613,12.35,166.00,-549.83,-14.59
205469,-3613,12.35,159.00,-550.20,-14.59
205494,-3613,12.35,171.00,-550.58,-15.20
205519,-3613,12.35,150.00,-550.94,-14.59
205544,-3613,12.35,169.00,-551.32,-15.26
205569,-3613,12.35,173.00,-551.69,-14.59
205594,-3613,12.35,153.00,-552.05,-14.59
205619,-3613,12.35,174.00,-552.43,-15.26
205644,-3613,12.35,164.00,-552.80,-14.59
205669,-3613,12.35,161.00,-553.18,-15.26
205694,-3613,12.35,178.00,-553.54,-14.59
205719,-3613,12.35,165.00,-553.92,-15.26
205744,-3613,12.35,171.00,-554.29,-14.59
205769,-3613,12.35,171.00,-554.66,-14.64
205794,-3613,12.35,155.00,-555.04,-15.20
205819,-3279,12.35,168.00,-555.40,-14.59
205844,-3279,12.35,-7.00,-555.77,-14.98
205869,-3279,12.35,2.00,-556.13,-14.02
205894,-3279,12.35,90.00,-556.47,-13.80
205919,-3279,12.35,104.00,-556.82,-14.14
205944,-3279,12.35,139.00,-557.16,-13.52
205969,-3279,12.35,115.00,-557.51,-14.02
205994,-3279,12.35,134.00,-557.85,-13.35
206019,-3279,12.35,160.00,-558.19,-13.91
206044,-3279,12.35,144.00,-558.53,-13.30
206069,-3279,12.35,140.00,-558.86,-13.30
206094,-3279,12.35,129.00,-559.20,-13.80
206119,-3279,12.35,170.00,-559.54,-13.30
206144,-3279,12.35,154.00,-559.88,-13.80
206169,-3279,12.35,155.00,-560.21,-13.24
206194,-3279,12.35,169.00,-560.54,-13.24
206219,-3279,12.35,135.00,-560.89,-13.80
206244,-3279,12.35,177.00,-561.22,-13.24
206269,-3279,12.35,150.00,-561.56,-13.80
206294,-3279,12.35,151.00,-561.89,-13.24
206319,-3279,12.35,158.00,-562.23,-13.24
206344,-3279,12.35,149.00,-562.57,-13.74
206369,-3279,12.35,147.00,-562.90,-13.18
206394,-3279,12.35,177.00,-563.24,-13.80
206419,-3279,12.35,173.00,-563.58,-13.24
206444,-3279,12.35,151.00,-563.92,-13.80
206469,-3279,12.35,162.00,-564.25,-13.24
206494,-3279,12.35,151.00,-564.58,-13.24
206519,-3279,12.35,179.00,-564.93,-13.80
206544,-3279,12.35,160.00,-565.26,-13.24
206569,-3279,12.35,150.00,-565.60,-13.80
206594,-3279,12.35,178.00,-565.93,-13.24
206619,-3279,12.35,146.00,-566.27,-13.24
206644,-3279,12.35,180.00,-566.61,-13.80
206669,-3279,12.35,168.00,-566.94,-13.24
206694,-3279,12.35,158.00,-567.28,-13.74
206719,-3279,12.35,174.00,-567.62,-13.24
206744,-3279,12.35,172.00,-567.96,-13.80
206769,-3279,12.35,163.00,-568.29,-13.18
206794,-3279,12.35,168.00,-568.62,-13.24
206819,-2868,12.35,162.00,-568.96,-13.74
206844,-2868,12.35,-33.00,-569.29,-13.02
206869,-2868,12.35,-16.00,-569.62,-13.02
206894,-2868,12.35,29.00,-569.92,-12.23
206919,-2868,12.35,95.00,-570.22,-11.95
206944,-2868,12.35,131.00,-570.53,-12.34
206969,-2868,12.35,146.00,-570.82,-11.72
206994,-2868,12.35,156.00,-571.13,-12.17
207019,-2868,12.35,96.00,-571.42,-11.61
207044,-2868,12.35,159.00,-571.71,-11.61
207069,-2868,12.35,103.00,-572.01,-12.06
207094,-2868,12.35,136.00,-572.30,-11.56
207119,-2868,12.35,103.00,-572.60,-12.06
207144,-2868,12.35,174.00,-572.89,-11.56
207169,-2868,12.35,180.00,-573.19,-12.01
207194,-2868,12.35,111.00,-573.48,-11.56
207219,-2868,12.35,120.00,-573.76,-11.50
207244,-2868,12.35,154.00,-574.07,-12.06
207269,-2868,12.35,170.00,-574.35,-11.56
207294,-2868,12.35,122.00,-574.65,-12.01
207319,-2868,12.35,132.00,-574.94,-11.50
207344,-2868,12.35,171.00,-575.23,-11.50
207369,-2868,12.35,201.00,-575.53,-12.01
207394,-2868,12.35,160.00,-575.82,-11.56
207419,-2868,12.35,115.00,-576.12,-12.01
207444,-2868,12.35,144.00,-576.41,-11.56
207469,-2868,12.35,99.00,-576.71,-12.01
207494,-2868,12.35,130.00,-577.00,-11.56
207519,-2868,12.35,183.00,-577.28,-11.50
207544,-2868,12.35,162.00,-577.59,-12.06
207569,-2868,12.35,109.00,-577.87,-11.56
207594,-2868,12.35,155.00,-578.18,-12.01
207619,-2868,12.35,194.00,-578.46,-11.56
207644,-2868,12.35,97.00,-578.75,-11.56
207669,-2868,12.35,136.00,-579.05,-12.01
207694,-2868,12.35,190.00,-579.34,-11.56
207719,-2868,12.35,123.00,-579.64,-12.06
207744,-2868,12.35,106.00,-579.93,-11.50
207769,-2868,12.35,166.00,-580.22,-11.56
207794,-2868,12.35,198.00,-580.52,-12.01
207819,-2387,12.35,124.00,-580.81,-11.56
207844,-2387,12.35,-5.00,-581.10,-11.67
207869,-2387,12.35,-16.00,-581.37,-10.77
207894,-2387,12.35,47.00,-581.64,-10.72
207919,-2387,12.35,83.00,-581.89,-10.04
207944,-2387,12.35,119.00,-582.14,-9.87
207969,-2387,12.35,98.00,-582.39,-10.15
207994,-2387,12.35,80.00,-582.63,-9.71
208019,-2387,12.35,111.00,-582.88,-10.04
208044,-2387,12.35,112.00,-583.12,-9.65
208069,-2387,12.35,111.00,-583.36,-9.59
208094,-2387,12.35,118.00,-583.61,-9.99
208119,-2387,12.35,121.00,-583.85,-9.59
208144,-2387,12.35,123.00,-584.10,-9.93
208169,-2387,12.35,146.00,-584.34,-9.54
208194,-2387,12.35,126.00,-584.59,-9.99
208219,-2387,12.35,141.00,-584.83,-9.59
208244,-2387,12.35,132.00,-585.07,-9.54
208269,-2387,12.35,127.00,-585.32,-9.99
208294,-2387,12.35,152.00,-585.56,-9.54
208319,-2387,12.35,125.00,-585.80,-9.93
208344,-2387,12.35,113.00,-586.04,-9.59
208369,-2387,12.35,126.00,-586.28,-9.59
208394,-2387,12.35,117.00,-586.53,-9.93
208419,-2387,12.35,118.00,-586.77,-9.59
208444,-2387,12.35,137.00,-587.02,-9.93
208469,-2387,12.35,128.00,-587.26,-9.59
208494,-2387,12.35,156.00,-587.51,-9.93
208519,-2387,12.35,142.00,-587.75,-9.59
208544,-2387,12.35,137.00,-587.99,-9.54
208569,-2387,12.35,149.00,-588.24,-9.99
208594,-2387,12.35,129.00,-588.48,-9.59
208619,-2387,12.35,104.00,-588.72,-9.93
208644,-2387,12.35,118.00,-588.96,-9.59
208669,-2387,12.35,123.00,-589.20,-9.54
208694,-2387,12.35,117.00,-589.45,-9.99
208719,-2387,12.35,139.00,-589.69,-9.54
208744,-2387,12.35,125.00,-589.94,-9.99
208769,-2387,12.35,119.00,-590.18,-9.54
208794,-2387,12.35,135.00,-590.42,-9.59
208819,-1847,12.35,136.00,-590.67,-9.99
208844,-1847,12.35,-84.00,-590.90,-9.20
208869,-1847,12.35,-1.00,-591.12,-8.92
208894,-1847,12.35,17.00,-591.33,-8.25
208919,-1847,12.35,14.00,-591.53,-8.25
208944,-1847,12.35,72.00,-591.72,-7.57
208969,-1847,12.35,99.00,-591.91,-7.52
208994,-1847,12.35,80.00,-592.11,-7.80
209019,-1847,12.35,91.00,-592.29,-7.41
209044,-1847,12.35,110.00,-592.48,-7.69
209069,-1847,12.35,112.00,-592.67,-7.41
209094,-1847,12.35,100.00,-592.86,-7.46
209119,-1847,12.35,85.00,-593.05,-7.69
209144,-1847,12.35,103.00,-593.23,-7.35
209169,-1847,12.35,101.00,-593.42,-7.63
209194,-1847,12.35,118.00,-593.61,-7.35
209219,-1847,12.35,83.00,-593.80,-7.63
209244,-1847,12.35,136.00,-593.98,-7.29
209269,-1847,12.35,103.00,-594.16,-7.29
209294,-1847,12.35,91.00,-594.35,-7.63
209319,-1847,12.35,133.00,-594.53,-7.29
209344,-1847,12.35,109.00,-594.72,-7.63
209369,-1847,12.35,82.00,-594.91,-7.35
209394,-1847,12.35,122.00,-595.09,-7.29
209419,-1847,12.35,74.00,-595.28,-7.69
209444,-1847,12.35,126.00,-595.47,-7.29
209469,-1847,12.35,78.00,-595.66,-7.63
209494,-1847,12.35,128.00,-595.84,-7.35
209519,-1847,12.35,96.00,-596.02,-7.35
209544,-1847,12.35,122.00,-596.21,-7.63
209569,-1847,12.35,98.00,-596.40,-7.29
209594,-1847,12.35,105.00,-596.59,-7.69
209619,-1847,12.35,103.00,-596.77,-7.29
209644,-1847,12.35,102.00,-596.96,-7.69
209669,-1847,12.35,103.00,-597.15,-7.29
209694,-1847,12.35,90.00,-597.33,-7.35
209719,-1847,12.35,133.00,-597.52,-7.63
209744,-1847,12.35,82.00,-597.70,-7.35
209769,-1847,12.35,123.00,-597.89,-7.63
209794,-1847,12.35,87.00,-598.08,-7.35
209819,-1260,12.35,111.00,-598.26,-7.29
209844,-1260,12.35,-47.00,-598.44,-7.18
209869,-1260,12.35,-20.00,-598.59,-6.17
209894,-1260,12.35,7.00,-598.74,-6.00
209919,-1260,12.35,42.00,-598.88,-5.39
209944,-1260,12.35,54.00,-599.01,-5.39
209969,-1260,12.35,54.00,-599.14,-4.99
209994,-1260,12.35,63.00,-599.26,-4.99
210019,-1260,12.35,87.00,-599.39,-5.16
210044,-1260,12.35,79.00,-599.52,-4.94
210069,-1260,12.35,78.00,-599.64,-5.16
210094,-1260,12.35,70.00,-599.77,-4.88
210119,-1260,12.35,71.00,-599.89,-4.94
210144,-1260,12.35,57.00,-600.02,-5.11
210169,-1260,12.35,70.00,-600.14,-4.88
210194,-1260,12.35,73.00,-600.27,-5.11
210219,-1260,12.35,85.00,-600.39,-4.94
210244,-1260,12.35,80.00,-600.51,-4.88
210269,-1260,12.35,69.00,-600.64,-5.11
210294,-1260,12.35,73.00,-600.76,-4.94
210319,-1260,12.35,66.00,-600.89,-5.11
210344,-1260,12.35,78.00,-601.01,-4.88
210369,-1260,12.35,77.00,-601.14,-5.16
210394,-1260,12.35,64.00,-601.26,-4.88
210419,-1260,12.35,69.00,-601.39,-4.94
210444,-1260,12.35,93.00,-601.52,-5.11
210469,-1260,12.35,67.00,-601.64,-4.94
210494,-1260,12.35,77.00,-601.77,-5.11
210519,-1260,12.35,84.00,-601.89,-4.94
210544,-1260,12.35,69.00,-602.01,-4.94
210569,-1260,12.35,64.00,-602.14,-5.11
210594,-1260,12.35,74.00,-602.26,-4.94
210619,-1260,12.35,68.00,-602.39,-5.11
210644,-1260,12.35,66.00,-602.52,-4.94
210669,-1260,12.35,60.00,-602.64,-5.16
210694,-1260,12.35,82.00,-602.77,-4.88
210719,-1260,12.35,94.00,-602.89,-4.94
210744,-1260,12.35,66.00,-603.02,-5.16
210769,-1260,12.35,70.00,-603.14,-4.94
210794,-1260,12.35,66.00,-603.27,-5.11
210819,-639,12.35,62.00,-603.39,-4.94
210844,-639,12.35,-37.00,-603.50,-4.38
210869,-639,12.35,-12.00,-603.60,-3.70
210894,-639,12.35,14.00,-603.67,-3.03
210919,-639,12.35,26.00,-603.74,-2.86
210944,-639,12.35,26.00,-603.81,-2.58
210969,-639,12.35,31.00,-603.87,-2.47
210994,-639,12.35,33.00,-603.93,-2.52
211019,-639,12.35,41.00,-603.99,-2.41
211044,-639,12.35,35.00,-604.06,-2.52
211069,-639,12.35,32.00,-604.11,-2.36
211094,-639,12.35,33.00,-604.18,-2.47
211119,-639,12.35,34.00,-604.23,-2.36
211144,-639,12.35,33.00,-604.29,-2.36
211169,-639,12.35,40.00,-604.36,-2.47
211194,-639,12.35,40.00,-604.41,-2.36
211219,-639,12.35,37.00,-604.48,-2.47
211244,-639,12.35,37.00,-604.53,-2.36
211269,-639,12.35,38.00,-604.59,-2.36
211294,-639,12.35,44.00,-604.66,-2.47
211319,-639,12.35,38.00,-604.71,-2.36
211344,-639,12.35,43.00,-604.78,-2.47
211369,-639,12.35,41.00,-604.84,-2.36
211394,-639,12.35,47.00,-604.90,-2.47
211419,-639,12.35,45.00,-604.96,-2.36
211444,-639,12.35,45.00,-605.01,-2.36
211469,-639,12.35,40.00,-605.08,-2.47
211494,-639,12.35,38.00,-605.14,-2.36
211519,-639,12.35,47.00,-605.20,-2.47
211544,-639,12.35,42.00,-605.26,-2.36
211569,-639,12.35,46.00,-605.31,-2.36
211594,-639,12.35,42.00,-605.38,-2.47
211619,-639,12.35,39.00,-605.44,-2.36
211644,-639,12.35,38.00,-605.50,-2.41
211669,-639,12.35,41.00,-605.55,-2.36
211694,-639,12.35,40.00,-605.62,-2.47
211719,-639,12.35,39.00,-605.68,-2.36
211744,-639,12.35,43.00,-605.73,-2.36
211769,-639,12.35,43.00,-605.80,-2.47
211794,-639,12.35,48.00,-605.85,-2.30
211819,0,12.35,46.00,-605.92,-2.47
211844,0,12.35,10.00,-605.96,-1.74
211869,0,12.35,10.00,-605.98,-0.84
211894,0,12.35,9.00,-605.99,-0.34
211919,0,12.35,10.00,-605.99,-0.06
211944,0,12.35,10.00,-605.99,0.00
211969,0,12.35,10.00,-605.99,0.06
211994,0,12.35,11.00,-605.99,0.00
212019,0,12.35,10.00,-605.99,0.00
212044,0,12.35,9.00,-605.99,0.00
212069,0,12.35,10.00,-605.99,0.00
212094,0,12.35,9.00,-605.99,0.00
212119,0,12.35,9.00,-605.99,0.00
212144,0,12.35,7.00,-605.99,0.00
212169,0,12.35,10.00,-605.99,0.00
212194,0,12.35,9.00,-605.99,0.00
212219,0,12.35,9.00,-605.99,0.00
212244,0,12.35,8.00,-605.99,0.00
212269,0,12.35,10.00,-605.99,0.00
212294,0,12.35,10.00,-605.99,0.00
212319,0,12.35,10.00,-605.99,0.00
212344,0,12.35,10.00,-605.99,0.00
212369,0,12.35,10.00,-605.99,0.00
212394,0,12.35,9.00,-605.99,0.00
212419,0,12.35,9.00,-605.99,0.00
212444,0,12.35,10.00,-605.99,0.00
212469,0,12.35,9.00,-605.99,0.00
212494,0,12.35,9.00,-605.99,0.00
212519,0,12.35,9.00,-605.99,0.00
212544,0,12.35,10.00,-605.99,0.00
212569,0,12.35,10.00,-605.99,0.00
212594,0,12.35,10.00,-605.99,0.00
212619,0,12.35,10.00,-605.99,0.00
212644,0,12.35,9.00,-605.99,0.00
212669,0,12.35,8.00,-605.99,0.00
212694,0,12.35,10.00,-605.99,0.00
212719,0,12.35,10.00,-605.99,0.00
212744,0,12.35,11.00,-605.99,0.00
212769,0,12.35,7.00,-605.99,0.00
212794,0,12.35,10.00,-605.99,0.00
212819,642,12.35,10.00,-605.99,0.00
212844,642,12.35,111.00,-605.97,0.56
212869,642,12.35,78.00,-605.94,1.35
212894,642,12.35,70.00,-605.90,1.80
212919,642,12.35,58.00,-605.84,2.13
212944,642,12.35,49.00,-605.79,2.19
212969,642,12.35,50.00,-605.73,2.41
212994,642,12.35,47.00,-605.67,2.30
213019,642,12.35,41.00,-605.61,2.36
213044,642,12.35,44.00,-605.55,2.47
213069,642,12.35,48.00,-605.49,2.36
213094,642,12.35,50.00,-605.43,2.47
213119,642,12.35,42.00,-605.37,2.36
213144,642,12.35,42.00,-605.31,2.52
213169,642,12.35,39.00,-605.25,2.36
213194,642,12.35,35.00,-605.19,2.36
213219,642,12.35,37.00,-605.13,2.52
213244,642,12.35,37.00,-605.07,2.36
213269,642,12.35,32.00,-605.00,2.47
213294,642,12.35,35.00,-604.94,2.41
213319,642,12.35,40.00,-604.89,2.36
213344,642,12.35,43.00,-604.82,2.47
213369,642,12.35,39.00,-604.76,2.41
213394,642,12.35,35.00,-604.70,2.47
213419,642,12.35,35.00,-604.64,2.36
213444,642,12.35,39.00,-604.58,2.36
213469,642,12.35,38.00,-604.52,2.52
213494,642,12.35,45.00,-604.46,2.36
213519,642,12.35,43.00,-604.40,2.47
213544,642,12.35,42.00,-604.34,2.36
213569,642,12.35,44.00,-604.28,2.47
213594,642,12.35,46.00,-604.22,2.41
213619,642,12.35,48.00,-604.16,2.36
213644,642,12.35,48.00,-604.10,2.47
213669,642,12.35,49.00,-604.04,2.36
213694,642,12.35,47.00,-603.98,2.47
213719,642,12.35,45.00,-603.92,2.41
213744,642,12.35,50.00,-603.86,2.36
213769,642,12.35,44.00,-603.80,2.47
213794,642,12.35,47.00,-603.74,2.36
213819,1272,12.35,49.00,-603.68,2.47
213844,1272,12.35,237.00,-603.60,2.97
213869,1272,12.35,179.00,-603.50,3.93
213894,1272,12.35,130.00,-603.40,4.26
213919,1272,12.35,128.00,-603.28,4.60
213944,1272,12.35,111.00,-603.16,4.94
213969,1272,12.35,103.00,-603.04,4.88
213994,1272,12.35,93.00,-602.91,5.11
214019,1272,12.35,91.00,-602.78,4.99
214044,1272,12.35,66.00,-602.66,4.99
214069,1272,12.35,79.00,-602.53,5.22
214094,1272,12.35,90.00,-602.40,4.99
214119,1272,12.35,78.00,-602.27,5.22
214144,1272,12.35,75.00,-602.15,5.05
214169,1272,12.35,85.00,-602.02,5.05
214194,1272,12.35,76.00,-601.89,5.22
214219,1272,12.35,74.00,-601.77,5.05
214244,1272,12.35,80.00,-601.63,5.22
214269,1272,12.35,81.00,-601.51,5.05
214294,1272,12.35,70.00,-601.38,5.27
214319,1272,12.35,87.00,-601.25,4.99
214344,1272,12.35,71.00,-601.13,5.05
214369,1272,12.35,92.00,-600.99,5.27
214394,1272,12.35,91.00,-600.87,4.99
214419,1272,12.35,64.00,-600.74,5.27
214444,1272,12.35,87.00,-600.61,5.05
214469,1272,12.35,67.00,-600.49,4.99
214494,1272,12.35,62.00,-600.35,5.27
214519,1272,12.35,100.00,-600.23,5.05
214544,1272,12.35,82.00,-600.10,5.22
214569,1272,12.35,83.00,-599.97,5.05
214594,1272,12.35,83.00,-599.84,5.27
214619,1272,12.35,65.00,-599.71,4.99
214644,1272,12.35,86.00,-599.59,5.05
214669,1272,12.35,77.00,-599.46,5.27
214694,1272,12.35,76.00,-599.33,5.05
214719,1272,12.35,85.00,-599.20,5.22
214744,1272,12.35,69.00,-599.07,5.05
214769,1272,12.35,88.00,-598.95,5.05
214794,1272,12.35,86.00,-598.82,5.27
214819,1872,12.35,73.00,-598.69,5.05
214844,1872,12.35,304.00,-598.54,5.78
214869,1872,12.35,254.00,-598.39,6.28
214894,1872,12.35,186.00,-598.21,7.12
214919,1872,12.35,162.00,-598.03,7.07
214944,1872,12.35,147.00,-597.85,7.29
214969,1872,12.35,146.00,-597.66,7.69
214994,1872,12.35,132.00,-597.47,7.46
215019,1872,12.35,108.00,-597.28,7.85
215044,1872,12.35,136.00,-597.09,7.52
215069,1872,12.35,92.00,-596.90,7.52
215094,1872,12.35,134.00,-596.70,7.91
215119,1872,12.35,101.00,-596.51,7.57
215144,1872,12.35,109.00,-596.32,7.85
215169,1872,12.35,129.00,-596.13,7.57
215194,1872,12.35,110.00,-595.94,7.57
215219,1872,12.35,110.00,-595.74,7.91
215244,1872,12.35,110.00,-595.55,7.63
215269,1872,12.35,114.00,-595.35,7.91
215294,1872,12.35,104.00,-595.16,7.57
215319,1872,12.35,111.00,-594.96,7.91
215344,1872,12.35,102.00,-594.78,7.57
215369,1872,12.35,100.00,-594.58,7.63
215394,1872,12.35,126.00,-594.39,7.91
215419,1872,12.35,134.00,-594.20,7.63
215444,1872,12.35,114.00,-594.00,7.91
215469,1872,12.35,107.00,-593.81,7.57
215494,1872,12.35,105.00,-593.62,7.57
215519,1872,12.35,116.00,-593.42,7.97
215544,1872,12.35,108.00,-593.23,7.57
215569,1872,12.35,128.00,-593.03,7.91
215594,1872,12.35,114.00,-592.84,7.63
215619,1872,12.35,111.00,-592.64,7.91
215644,1872,12.35,103.00,-592.46,7.57
215669,1872,12.35,101.00,-592.26,7.63
215694,1872,12.35,121.00,-592.07,7.91
215719,1872,12.35,127.00,-591.88,7.57
215744,1872,12.35,102.00,-591.68,7.91
215769,1872,12.35,105.00,-591.49,7.63
215794,1872,12.35,118.00,-591.30,7.57
215819,2428,12.35,128.00,-591.10,7.91
215844,2428,12.35,398.00,-590.90,8.02
215869,2428,12.35,305.00,-590.68,9.03
215894,2428,12.35,267.00,-590.45,9.09
215919,2428,12.35,194.00,-590.21,9.37
215944,2428,12.35,180.00,-589.96,9.99
215969,2428,12.35,198.00,-589.72,9.71
215994,2428,12.35,148.00,-589.47,10.21
216019,2428,12.35,160.00,-589.22,9.82
216044,2428,12.35,150.00,-588.96,10.32
216069,2428,12.35,154.00,-588.71,9.93
216094,2428,12.35,128.00,-588.47,9.99
216119,2428,12.35,139.00,-588.21,10.32
216144,2428,12.35,137.00,-587.96,9.99
216169,2428,12.35,153.00,-587.70,10.38
216194,2428,12.35,135.00,-587.45,9.99
216219,2428,12.35,136.00,-587.20,9.93
216244,2428,12.35,150.00,-586.94,10.38
216269,2428,12.35,168.00,-586.69,9.99
216294,2428,12.35,154.00,-586.43,10.38
216319,2428,12.35,137.00,-586.18,9.99
216344,2428,12.35,135.00,-585.92,10.38
216369,2428,12.35,165.00,-585.67,9.99
216394,2428,12.35,159.00,-585.42,9.99
216419,2428,12.35,132.00,-585.16,10.38
216444,2428,12.35,169.00,-584.91,9.99
216469,2428,12.35,144.00,-584.65,10.38
216494,2428,12.35,135.00,-584.41,9.93
216519,2428,12.35,155.00,-584.16,9.99
216544,2428,12.35,152.00,-583.90,10.38
216569,2428,12.35,116.00,-583.65,9.99
216594,2428,12.35,123.00,-583.39,10.38
216619,2428,12.35,142.00,-583.14,9.93
216644,2428,12.35,133.00,-582.89,9.99
216669,2428,12.35,137.00,-582.63,10.38
216694,2428,12.35,133.00,-582.38,9.93
216719,2428,12.35,154.00,-582.12,10.38
216744,2428,12.35,156.00,-581.87,9.99
216769,2428,12.35,113.00,-581.61,10.38
216794,2428,12.35,134.00,-581.36,9.99
216819,2925,12.35,157.00,-581.12,9.93
216844,2925,12.35,427.00,-580.85,10.77
216869,2925,12.35,361.00,-580.57,10.88
216894,2925,12.35,282.00,-580.28,11.78
216919,2925,12.35,197.00,-579.99,11.61
216944,2925,12.35,238.00,-579.70,11.72
216969,2925,12.35,181.00,-579.39,12.34
216994,2925,12.35,207.00,-579.09,12.01
217019,2925,12.35,160.00,-578.78,12.45
217044,2925,12.35,158.00,-578.48,12.01
217069,2925,12.35,139.00,-578.16,12.57
217094,2925,12.35,146.00,-577.86,12.06
217119,2925,12.35,149.00,-577.56,12.06
217144,2925,12.35,128.00,-577.24,12.62
217169,2925,12.35,142.00,-576.94,12.06
217194,2925,12.35,155.00,-576.63,12.57
217219,2925,12.35,152.00,-576.33,12.12
217244,2925,12.35,169.00,-576.02,12.12
217269,2925,12.35,179.00,-575.71,12.57
217294,2925,12.35,194.00,-575.41,12.12
217319,2925,12.35,164.00,-575.09,12.57
217344,2925,12.35,142.00,-574.79,12.12
217369,2925,12.35,140.00,-574.49,12.12
217394,2925,12.35,148.00,-574.17,12.57
217419,2925,12.35,157.00,-573.87,12.12
217444,2925,12.35,172.00,-573.55,12.62
217469,2925,12.35,145.00,-573.25,12.17
217494,2925,12.35,130.00,-572.93,12.57
217519,2925,12.35,142.00,-572.63,12.12
217544,2925,12.35,144.00,-572.33,12.12
217569,2925,12.35,140.00,-572.01,12.57
217594,2925,12.35,168.00,-571.71,12.12
217619,2925,12.35,181.00,-571.40,12.57
217644,2925,12.35,174.00,-571.09,12.12
217669,2925,12.35,172.00,-570.79,12.06
217694,2925,12.35,138.00,-570.48,12.62
217719,2925,12.35,157.00,-570.18,12.06
217744,2925,12.35,149.00,-569.86,12.62
217769,2925,12.35,146.00,-569.56,12.12
217794,2925,12.35,157.00,-569.24,12.62
217819,3347,12.35,173.00,-568.94,12.06
217844,3347,12.35,394.00,-568.63,12.40
217869,3347,12.35,316.00,-568.30,13.35
217894,3347,12.35,291.00,-567.97,13.13
217919,3347,12.35,243.00,-567.62,13.97
217944,3347,12.35,247.00,-567.28,13.52
217969,3347,12.35,226.00,-566.94,13.63
217994,3347,12.35,204.00,-566.58,14.31
218019,3347,12.35,206.00,-566.24,13.80
218044,3347,12.35,181.00,-565.88,14.42
218069,3347,12.35,212.00,-565.53,13.80
218094,3347,12.35,165.00,-565.17,14.47
218119,3347,12.35,202.00,-564.82,13.86
218144,3347,12.35,154.00,-564.48,13.91
218169,3347,12.35,193.00,-564.11,14.47
218194,3347,12.35,153.00,-563.77,13.91
218219,3347,12.35,198.00,-563.40,14.47
218244,3347,12.35,180.00,-563.06,13.91
218269,3347,12.35,165.00,-562.71,13.91
218294,3347,12.35,169.00,-562.35,14.53
218319,3347,12.35,198.00,-562.00,13.91
218344,3347,12.35,159.00,-561.64,14.47
218369,3347,12.35,182.00,-561.29,13.91
218394,3347,12.35,145.00,-560.94,13.91
218419,3347,12.35,175.00,-560.58,14.53
218444,3347,12.35,192.00,-560.23,13.91
218469,3347,12.35,162.00,-559.87,14.47
218494,3347,12.35,216.00,-559.52,13.91
218519,3347,12.35,166.00,-559.16,14.53
218544,3347,12.35,160.00,-558.81,13.91
218569,3347,12.35,180.00,-558.46,13.91
218594,3347,12.35,158.00,-558.10,14.53
218619,3347,12.35,174.00,-557.75,13.91
218644,3347,12.35,180.00,-557.39,14.53
218669,3347,12.35,156.00,-557.04,13.97
218694,3347,12.35,165.00,-556.69,13.91
218719,3347,12.35,208.00,-556.33,14.53
218744,3347,12.35,157.00,-555.98,13.91
218769,3347,12.35,182.00,-555.61,14.53
218794,3347,12.35,163.00,-555.27,13.91
218819,3685,12.35,167.00,-554.90,14.53
218844,3685,12.35,392.00,-554.55,14.14
218869,3685,12.35,337.00,-554.19,14.47
218894,3685,12.35,274.00,-553.80,15.43
218919,3685,12.35,261.00,-553.43,14.92
218944,3685,12.35,234.00,-553.04,15.76
218969,3685,12.35,221.00,-552.66,15.15
218994,3685,12.35,230.00,-552.28,15.26
219019,3685,12.35,224.00,-551.88,15.93
219044,3685,12.35,204.00,-551.49,15.37
219069,3685,12.35,185.00,-551.09,15.99
219094,3685,12.35,200.00,-550.71,15.32
219119,3685,12.35,191.00,-550.32,15.43
219144,3685,12.35,224.00,-549.92,16.04
219169,3685,12.35,160.00,-549.54,15.37
219194,3685,12.35,192.00,-549.14,16.10
219219,3685,12.35,197.00,-548.75,15.37
219244,3685,12.35,217.00,-548.35,16.10
219269,3685,12.35,175.00,-547.96,15.43
219294,3685,12.35,196.00,-547.58,15.43
219319,3685,12.35,198.00,-547.18,16.10
219344,3685,12.35,156.00,-546.79,15.43
219369,3685,12.35,196.00,-546.39,16.04
219394,3685,12.35,202.00,-546.00,15.43
219419,3685,12.35,176.00,-545.62,15.43
219444,3685,12.35,202.00,-545.22,16.04
219469,3685,12.35,203.00,-544.83,15.43
219494,3685,12.35,170.00,-544.43,16.04
219519,3685,12.35,213.00,-544.04,15.43
219544,3685,12.35,167.00,-543.64,16.10
219569,3685,12.35,194.00,-543.26,15.43
219594,3685,12.35,195.00,-542.87,15.48
219619,3685,12.35,204.00,-542.47,16.04
219644,3685,12.35,170.00,-542.08,15.48
219669,3685,12.35,182.00,-541.68,16.04
219694,3685,12.35,193.00,-541.29,15.43
219719,3685,12.35,187.00,-540.91,15.48
219744,3685,12.35,200.00,-540.51,16.04
219769,3685,12.35,164.00,-540.12,15.43
219794,3685,12.35,192.00,-539.72,16.04
219819,3926,12.35,176.00,-539.33,15.43
219844,3926,12.35,336.00,-538.94,15.60
219869,3926,12.35,315.00,-538.53,16.44
219894,3926,12.35,279.00,-538.13,16.04
219919,3926,12.35,253.00,-537.71,16.83
219944,3926,12.35,239.00,-537.30,16.21
219969,3926,12.35,225.00,-536.88,16.94
219994,3926,12.35,224.00,-536.47,16.38
220019,3926,12.35,223.00,-536.06,16.38
220044,3926,12.35,219.00,-535.63,17.11
220069,3926,12.35,229.00,-535.22,16.44
220094,3926,12.35,209.00,-534.80,17.11
220119,3926,12.35,194.00,-534.38,16.49
220144,3926,12.35,199.00,-533.97,16.44
220169,3926,12.35,205.00,-533.54,17.17
220194,3926,12.35,194.00,-533.13,16.44
220219,3926,12.35,205.00,-532.70,17.17
220244,3926,12.35,186.00,-532.29,16.49
220269,3926,12.35,203.00,-531.86,17.22
220294,3926,12.35,184.00,-531.45,16.44
220319,3926,12.35,186.00,-531.04,16.49
220344,3926,12.35,207.00,-530.61,17.22
220369,3926,12.35,183.00,-530.19,16.49
220394,3926,12.35,192.00,-529.77,17.17
220419,3926,12.35,191.00,-529.35,16.49
220444,3926,12.35,192.00,-528.94,16.49
220469,3926,12.35,207.00,-528.51,17.17
220494,3926,12.35,189.00,-528.10,16.49
220519,3926,12.35,198.00,-527.67,17.11
220544,3926,12.35,198.00,-527.26,16.49
220569,3926,12.35,202.00,-526.85,16.44
220594,3926,12.35,201.00,-526.42,17.17
220619,3926,12.35,207.00,-526.01,16.49
220644,3926,12.35,216.00,-525.58,17.17
220669,3926,12.35,187.00,-525.16,16.49
220694,3926,12.35,195.00,-524.74,17.17
220719,3926,12.35,200.00,-524.32,16.49
220744,3926,12.35,178.00,-523.91,16.49
220769,3926,12.35,204.00,-523.48,17.17
220794,3926,12.35,191.00,-523.07,16.49
220819,4064,12.35,202.00,-522.64,17.17
220844,4064,12.35,283.00,-522.23,16.55
220869,4064,12.35,281.00,-521.81,16.66
220894,4064,12.35,260.00,-521.37,17.50
220919,4064,12.35,244.00,-520.95,16.89
220944,4064,12.35,229.00,-520.51,17.62
220969,4064,12.35,220.00,-520.09,17.00
220994,4064,12.35,216.00,-519.64,17.67
221019,4064,12.35,211.00,-519.22,17.05
221044,4064,12.35,206.00,-518.79,17.00
221069,4064,12.35,197.00,-518.35,17.78
221094,4064,12.35,210.00,-517.92,17.00
221119,4064,12.35,196.00,-517.48,17.78
221144,4064,12.35,216.00,-517.05,17.05
221169,4064,12.35,214.00,-516.63,17.05
221194,4064,12.35,222.00,-516.18,17.73
221219,4064,12.35,195.00,-515.76,17.05
221244,4064,12.35,204.00,-515.31,17.73
221269,4064,12.35,197.00,-514.89,17.05
221294,4064,12.35,217.00,-514.44,17.78
221319,4064,12.35,198.00,-514.02,17.05
221344,4064,12.35,215.00,-513.59,17.05
221369,4064,12.35,198.00,-513.15,17.73
221394,4064,12.35,189.00,-512.72,17.05
221419,4064,12.35,204.00,-512.27,17.78
221444,4064,12.35,210.00,-511.85,17.05
221469,4064,12.35,214.00,-511.42,17.00
221494,4064,12.35,207.00,-510.98,17.78
221519,4064,12.35,218.00,-510.55,17.00
221544,4064,12.35,212.00,-510.11,17.78
221569,4064,12.35,205.00,-509.68,17.05
221594,4064,12.35,184.00,-509.26,17.05
221619,4064,12.35,205.00,-508.81,17.73
221644,4064,12.35,222.00,-508.39,17.05
221669,4064,12.35,209.00,-507.94,17.73
221694,4064,12.35,203.00,-507.52,17.11
221719,4064,12.35,193.00,-507.07,17.73
221744,4064,12.35,197.00,-506.65,17.05
221769,4064,12.35,208.00,-506.22,17.11
221794,4064,12.35,203.00,-505.77,17.78
221819,4093,12.35,190.00,-505.35,17.05
221844,4093,12.35,222.00,-504.90,17.78
221869,4093,12.35,220.00,-504.47,17.17
221894,4093,12.35,219.00,-504.05,17.05
221919,4093,12.35,211.00,-503.60,17.84
221944,4093,12.35,208.00,-503.17,17.17
221969,4093,12.35,211.00,-502.73,17.84
221994,4093,12.35,201.00,-502.30,17.17
222019,4093,12.35,216.00,-501.85,17.90
222044,4093,12.35,209.00,-501.42,17.11
222069,4093,12.35,203.00,-500.99,17.17
222094,4093,12.35,197.00,-500.55,17.90
222119,4093,12.35,207.00,-500.11,17.22
222144,4093,12.35,202.00,-499.67,17.84
222169,4093,12.35,200.00,-499.24,17.17
222194,4093,12.35,208.00,-498.81,17.17
222219,4093,12.35,198.00,-498.36,17.90
222244,4093,12.35,210.00,-497.93,17.17
222269,4093,12.35,222.00,-497.49,17.90
222294,4093,12.35,197.00,-497.06,17.17
222319,4093,12.35,207.00,-496.63,17.17
222344,4093,12.35,207.00,-496.18,17.84
222369,4093,12.35,231.00,-495.75,17.17
222394,4093,12.35,203.00,-495.31,17.84
222419,4093,12.35,215.00,-494.88,17.22
222444,4093,12.35,194.00,-494.43,17.90
222469,4093,12.35,207.00,-494.00,17.17
222494,4093,12.35,200.00,-493.57,17.17
222519,4093,12.35,213.00,-493.12,17.90
222544,4093,12.35,206.00,-492.69,17.17
222569,4093,12.35,227.00,-492.25,17.90
222594,4093,12.35,199.00,-491.82,17.22
222619,4093,12.35,223.00,-491.39,17.17
222644,4093,12.35,207.00,-490.94,17.90
222669,4093,12.35,194.00,-490.51,17.17
222694,4093,12.35,207.00,-490.06,17.90
222719,4093,12.35,214.00,-489.63,17.17
222744,4093,12.35,212.00,-489.19,17.90
222769,4093,12.35,197.00,-488.76,17.17
222794,4093,12.35,197.00,-488.33,17.17
222819,4011,12.35,200.00,-487.88,17.90
222844,4011,12.35,164.00,-487.45,17.11
222869,4011,12.35,142.00,-487.01,17.73
222894,4011,12.35,159.00,-486.59,17.00
222919,4011,12.35,178.00,-486.16,16.94
222944,4011,12.35,168.00,-485.72,17.62
222969,4011,12.35,192.00,-485.30,16.89
222994,4011,12.35,183.00,-484.86,17.50
223019,4011,12.35,182.00,-484.44,16.89
223044,4011,12.35,192.00,-484.02,16.83
223069,4011,12.35,184.00,-483.58,17.50
223094,4011,12.35,193.00,-483.16,16.83
223119,4011,12.35,210.00,-482.72,17.50
223144,4011,12.35,199.00,-482.30,16.83
223169,4011,12.35,202.00,-481.86,17.50
223194,4011,12.35,216.00,-481.44,16.83
223219,4011,12.35,206.00,-481.02,16.77
223244,4011,12.35,201.00,-480.59,17.56
223269,4011,12.35,212.00,-480.17,16.77
223294,4011,12.35,205.00,-479.73,17.56
223319,4011,12.35,201.00,-479.31,16.83
223344,4011,12.35,205.00,-478.89,16.83
223369,4011,12.35,210.00,-478.45,17.50
223394,4011,12.35,203.00,-478.03,16.83
223419,4011,12.35,208.00,-477.59,17.50
223444,4011,12.35,218.00,-477.17,16.77
223469,4011,12.35,195.00,-476.73,17.50
223494,4011,12.35,202.00,-476.31,16.83
223519,4011,12.35,200.00,-475.89,16.83
223544,4011,12.35,197.00,-475.45,17.50
223569,4011,12.35,187.00,-475.03,16.83
223594,4011,12.35,195.00,-474.60,17.50
223619,4011,12.35,175.00,-474.17,16.83
223644,4011,12.35,181.00,-473.75,16.83
223669,4011,12.35,191.00,-473.32,17.50
223694,4011,12.35,184.00,-472.90,16.83
223719,4011,12.35,203.00,-472.46,17.50
223744,4011,12.35,202.00,-472.04,16.83
223769,4011,12.35,191.00,-471.62,16.77
223794,4011,12.35,199.00,-471.18,17.50
223819,3818,12.35,203.00,-470.76,16.77
223844,3818,12.35,100.00,-470.33,17.39
223869,3818,12.35,95.00,-469.91,16.49
223894,3818,12.35,127.00,-469.49,17.00
223919,3818,12.35,152.00,-469.08,16.21
223944,3818,12.35,167.00,-468.68,16.16
223969,3818,12.35,143.00,-468.26,16.77
223994,3818,12.35,159.00,-467.86,16.10
224019,3818,12.35,179.00,-467.44,16.72
224044,3818,12.35,189.00,-467.04,16.04
224069,3818,12.35,192.00,-466.64,15.99
224094,3818,12.35,191.00,-466.22,16.66
224119,3818,12.35,186.00,-465.82,15.99
224144,3818,12.35,184.00,-465.41,16.66
224169,3818,12.35,193.00,-465.01,15.93
224194,3818,12.35,213.00,-464.59,16.66
224219,3818,12.35,187.00,-464.19,15.93
224244,3818,12.35,211.00,-463.79,15.99
224269,3818,12.35,186.00,-463.38,16.66
224294,3818,12.35,196.00,-462.98,15.99
224319,3818,12.35,180.00,-462.56,16.61
224344,3818,12.35,182.00,-462.16,15.99
224369,3818,12.35,205.00,-461.76,16.04
224394,3818,12.35,191.00,-461.34,16.66
224419,3818,12.35,193.00,-460.95,15.93
224444,3818,12.35,184.00,-460.53,16.66
224469,3818,12.35,184.00,-460.13,15.99
224494,3818,12.35,181.00,-459.71,16.66
224519,3818,12.35,191.00,-459.31,15.93
224544,3818,12.35,183.00,-458.92,15.99
224569,3818,12.35,201.00,-458.50,16.66
224594,3818,12.35,178.00,-458.10,15.93
224619,3818,12.35,183.00,-457.69,16.61
224644,3818,12.35,190.00,-457.29,15.99
224669,3818,12.35,185.00,-456.89,15.99
224694,3818,12.35,203.00,-456.47,16.66
224719,3818,12.35,177.00,-456.07,15.93
224744,3818,12.35,215.00,-455.65,16.66
224769,3818,12.35,189.00,-455.25,15.99
224794,3818,12.35,192.00,-454.85,15.99
224819,3518,12.35,175.00,-454.44,16.66
224844,3518,12.35,1.00,-454.04,15.82
224869,3518,12.35,60.00,-453.64,16.10
224894,3518,12.35,96.00,-453.26,15.20
224919,3518,12.35,110.00,-452.87,15.71
224944,3518,12.35,164.00,-452.49,14.98
224969,3518,12.35,174.00,-452.12,14.92
224994,3518,12.35,159.00,-451.73,15.48
225019,3518,12.35,164.00,-451.36,14.87
225044,3518,12.35,172.00,-450.98,15.43
225069,3518,12.35,145.00,-450.61,14.81
225094,3518,12.35,159.00,-450.24,14.70
225119,3518,12.35,189.00,-449.85,15.37
225144,3518,12.35,151.00,-449.49,14.70
225169,3518,12.35,170.00,-449.10,15.32
225194,3518,12.35,152.00,-448.74,14.70
225219,3518,12.35,169.00,-448.35,15.32
225244,3518,12.35,167.00,-447.99,14.70
225269,3518,12.35,183.00,-447.62,14.64
225294,3518,12.35,165.00,-447.24,15.26
225319,3518,12.35,179.00,-446.87,14.70
225344,3518,12.35,160.00,-446.49,15.26
225369,3518,12.35,209.00,-446.12,14.64
225394,3518,12.35,147.00,-445.76,14.64
225419,3518,12.35,209.00,-445.37,15.32
225444,3518,12.35,159.00,-445.01,14.64
225469,3518,12.35,198.00,-444.63,15.26
225494,3518,12.35,170.00,-444.26,14.70
225519,3518,12.35,182.00,-443.89,14.64
225544,3518,12.35,177.00,-443.51,15.32
225569,3518,12.35,156.00,-443.14,14.64
225594,3518,12.35,177.00,-442.76,15.32
225619,3518,12.35,151.00,-442.40,14.64
225644,3518,12.35,190.00,-442.01,15.26
225669,3518,12.35,161.00,-441.65,14.70
225694,3518,12.35,193.00,-441.28,14.70
225719,3518,12.35,166.00,-440.90,15.26
225744,3518,12.35,210.00,-440.53,14.64
225769,3518,12.35,174.00,-440.15,15.32
225794,3518,12.35,208.00,-439.78,14.64
225819,3119,12.35,176.00,-439.42,14.64
225844,3119,12.35,-56.00,-439.04,15.03
225869,3119,12.35,-10.00,-438.69,13.97
225894,3119,12.35,88.00,-438.34,14.19
225919,3119,12.35,117.00,-438.00,13.41
225944,3119,12.35,133.00,-437.65,13.86
225969,3119,12.35,122.00,-437.32,13.24
225994,3119,12.35,123.00,-437.00,13.13
226019,3119,12.35,159.00,-436.66,13.58
226044,3119,12.35,146.00,-436.33,13.02
226069,3119,12.35,154.00,-435.99,13.52
226094,3119,12.35,139.00,-435.67,12.96
226119,3119,12.35,155.00,-435.34,12.96
226144,3119,12.35,173.00,-435.01,13.52
226169,3119,12.35,153.00,-434.68,12.90
226194,3119,12.35,184.00,-434.35,13.46
226219,3119,12.35,180.00,-434.02,12.96
226244,3119,12.35,193.00,-433.70,12.96
226269,3119,12.35,150.00,-433.36,13.46
226294,3119,12.35,182.00,-433.04,12.96
226319,3119,12.35,162.00,-432.70,13.46
226344,3119,12.35,187.00,-432.38,12.90
226369,3119,12.35,182.00,-432.04,13.52
226394,3119,12.35,168.00,-431.72,12.96
226419,3119,12.35,179.00,-431.40,12.90
226444,3119,12.35,158.00,-431.06,13.52
226469,3119,12.35,139.00,-430.73,12.96
226494,3119,12.35,149.00,-430.40,13.46
226519,3119,12.35,158.00,-430.07,12.96
226544,3119,12.35,177.00,-429.75,12.90
226569,3119,12.35,184.00,-429.41,13.52
226594,3119,12.35,162.00,-429.09,12.90
226619,3119,12.35,164.00,-428.75,13.46
226644,3119,12.35,137.00,-428.43,12.96
226669,3119,12.35,157.00,-428.09,13.46
226694,3119,12.35,161.00,-427.77,12.96
226719,3119,12.35,153.00,-427.45,12.90
226744,3119,12.35,152.00,-427.11,13.46
226769,3119,12.35,183.00,-426.79,12.90
226794,3119,12.35,142.00,-426.45,13.46
226819,2629,12.35,156.00,-426.13,12.90
226844,2629,12.35,-64.00,-425.81,12.62
226869,2629,12.35,4.00,-425.50,12.62
226894,2629,12.35,21.00,-425.20,11.78
226919,2629,12.35,-6.00,-424.90,11.89
226944,2629,12.35,73.00,-424.63,11.11
226969,2629,12.35,148.00,-424.35,11.00
226994,2629,12.35,101.00,-424.07,11.39
227019,2629,12.35,107.00,-423.79,10.94
227044,2629,12.35,103.00,-423.51,11.33
227069,2629,12.35,99.00,-423.24,10.88
227094,2629,12.35,100.00,-422.96,11.28
227119,2629,12.35,105.00,-422.68,10.88
227144,2629,12.35,112.00,-422.41,10.83
227169,2629,12.35,129.00,-422.13,11.28
227194,2629,12.35,150.00,-421.86,10.88
227219,2629,12.35,165.00,-421.58,11.28
227244,2629,12.35,179.00,-421.31,10.83
227269,2629,12.35,186.00,-421.04,10.83
227294,2629,12.35,168.00,-420.75,11.28
227319,2629,12.35,155.00,-420.48,10.83
227344,2629,12.35,133.00,-420.20,11.28
227369,2629,12.35,131.00,-419.93,10.83
227394,2629,12.35,163.00,-419.65,11.28
227419,2629,12.35,167.00,-419.38,10.88
227444,2629,12.35,176.00,-419.11,10.83
227469,2629,12.35,180.00,-418.82,11.28
227494,2629,12.35,182.00,-418.55,10.83
227519,2629,12.35,172.00,-418.27,11.33
227544,2629,12.35,171.00,-418.00,10.83
227569,2629,12.35,163.00,-417.73,10.83
227594,2629,12.35,157.00,-417.45,11.28
227619,2629,12.35,149.00,-417.18,10.88
227644,2629,12.35,138.00,-416.89,11.28
227669,2629,12.35,118.00,-416.62,10.83
227694,2629,12.35,111.00,-416.34,11.28
227719,2629,12.35,110.00,-416.07,10.83
227744,2629,12.35,105.00,-415.80,10.88
227769,2629,12.35,184.00,-415.52,11.28
227794,2629,12.35,174.00,-415.25,10.83
227819,2063,12.35,166.00,-414.96,11.28
227844,2063,12.35,-48.00,-414.70,10.43
227869,2063,12.35,-11.00,-414.46,9.87
227894,2063,12.35,18.00,-414.21,9.82
227919,2063,12.35,12.00,-413.98,9.14
227944,2063,12.35,99.00,-413.75,9.14
227969,2063,12.35,117.00,-413.54,8.64
227994,2063,12.35,97.00,-413.32,8.58
228019,2063,12.35,114.00,-413.10,8.86
228044,2063,12.35,146.00,-412.89,8.47
228069,2063,12.35,125.00,-412.67,8.81
228094,2063,12.35,134.00,-412.46,8.47
228119,2063,12.35,101.00,-412.24,8.81
228144,2063,12.35,118.00,-412.03,8.41
228169,2063,12.35,115.00,-411.82,8.41
228194,2063,12.35,118.00,-411.60,8.81
228219,2063,12.35,109.00,-411.39,8.41
228244,2063,12.35,139.00,-411.17,8.75
228269,2063,12.35,137.00,-410.96,8.47
228294,2063,12.35,118.00,-410.75,8.41
228319,2063,12.35,140.00,-410.53,8.75
228344,2063,12.35,115.00,-410.32,8.41
228369,2063,12.35,123.00,-410.10,8.75
228394,2063,12.35,114.00,-409.89,8.41
228419,2063,12.35,114.00,-409.67,8.81
228444,2063,12.35,118.00,-409.46,8.36
228469,2063,12.35,151.00,-409.25,8.41
228494,2063,12.35,127.00,-409.03,8.75
228519,2063,12.35,147.00,-408.82,8.41
228544,2063,12.35,125.00,-408.60,8.81
228569,2063,12.35,143.00,-408.39,8.41
228594,2063,12.35,113.00,-408.18,8.36
228619,2063,12.35,127.00,-407.96,8.75
228644,2063,12.35,134.00,-407.75,8.41
228669,2063,12.35,142.00,-407.53,8.75
228694,2063,12.35,120.00,-407.32,8.41
228719,2063,12.35,137.00,-407.11,8.47
228744,2063,12.35,124.00,-406.89,8.75
228769,2063,12.35,120.00,-406.68,8.41
228794,2063,12.35,118.00,-406.46,8.81
228819,1434,12.35,105.00,-406.25,8.41
228844,1434,12.35,-51.00,-406.04,8.25
228869,1434,12.35,-6.00,-405.86,7.24
228894,1434,12.35,5.00,-405.69,6.79
228919,1434,12.35,41.00,-405.52,6.68
228944,1434,12.35,41.00,-405.37,6.11
228969,1434,12.35,72.00,-405.22,6.23
228994,1434,12.35,81.00,-405.07,5.83
229019,1434,12.35,85.00,-404.92,5.83
229044,1434,12.35,84.00,-404.77,6.00
229069,1434,12.35,85.00,-404.63,5.72
229094,1434,12.35,85.00,-404.48,6.00
229119,1434,12.35,88.00,-404.34,5.72
229144,1434,12.35,87.00,-404.19,5.95
229169,1434,12.35,95.00,-404.05,5.78
229194,1434,12.35,88.00,-403.90,5.72
229219,1434,12.35,84.00,-403.75,5.95
229244,1434,12.35,93.00,-403.61,5.72
229269,1434,12.35,88.00,-403.46,6.00
229294,1434,12.35,83.00,-403.32,5.72
229319,1434,12.35,86.00,-403.17,5.72
229344,1434,12.35,86.00,-403.03,5.95
229369,1434,12.35,82.00,-402.88,5.72
229394,1434,12.35,99.00,-402.73,6.00
229419,1434,12.35,87.00,-402.59,5.72
229444,1434,12.35,106.00,-402.45,5.72
229469,1434,12.35,90.00,-402.30,5.95
229494,1434,12.35,88.00,-402.15,5.72
229519,1434,12.35,88.00,-402.01,5.95
229544,1434,12.35,104.00,-401.86,5.72
229569,1434,12.35,78.00,-401.71,6.00
229594,1434,12.35,96.00,-401.57,5.72
229619,1434,12.35,90.00,-401.43,5.72
229644,1434,12.35,90.00,-401.28,5.95
229669,1434,12.35,95.00,-401.13,5.78
229694,1434,12.35,75.00,-400.99,5.95
229719,1434,12.35,95.00,-400.84,5.78
229744,1434,12.35,72.00,-400.70,5.72
229769,1434,12.35,88.00,-400.55,5.95
229794,1434,12.35,73.00,-400.40,5.78
229819,761,12.35,100.00,-400.26,5.95
229844,761,12.35,-52.00,-400.13,5.22
229869,761,12.35,-20.00,-400.01,4.43
229894,761,12.35,3.00,-399.92,3.76
229919,761,12.35,13.00,-399.83,3.42
229944,761,12.35,34.00,-399.75,3.25
229969,761,12.35,37.00,-399.68,3.03
229994,761,12.35,49.00,-399.60,3.09
230019,761,12.35,45.00,-399.53,2.97
230044,761,12.35,49.00,-399.45,2.86
230069,761,12.35,51.00,-399.38,3.03
230094,761,12.35,48.00,-399.31,2.92
230119,761,12.35,45.00,-399.23,3.03
230144,761,12.35,41.00,-399.16,2.92
230169,761,12.35,49.00,-399.09,2.86
230194,761,12.35,50.00,-399.01,3.03
230219,761,12.35,51.00,-398.94,2.86
230244,761,12.35,46.00,-398.86,3.03
230269,761,12.35,49.00,-398.79,2.92
230294,761,12.35,46.00,-398.72,2.97
230319,761,12.35,52.00,-398.64,2.92
230344,761,12.35,42.00,-398.57,2.86
230369,761,12.35,48.00,-398.50,3.03
230394,761,12.35,50.00,-398.42,2.86
230419,761,12.35,55.00,-398.35,3.03
230444,761,12.35,58.00,-398.28,2.86
230469,761,12.35,41.00,-398.20,2.92
230494,761,12.35,49.00,-398.13,3.03
230519,761,12.35,44.00,-398.06,2.86
230544,761,12.35,54.00,-397.98,3.03
230569,761,12.35,48.00,-397.91,2.86
230594,761,12.35,41.00,-397.83,3.03
230619,761,12.35,49.00,-397.76,2.86
230644,761,12.35,47.00,-397.69,2.86
230669,761,12.35,55.00,-397.61,3.03
230694,761,12.35,52.00,-397.54,2.86
230719,761,12.35,54.00,-397.47,2.97
230744,761,12.35,44.00,-397.40,2.92
230769,761,12.35,46.00,-397.32,2.86
230794,761,12.35,44.00,-397.25,2.97
230819,63,12.35,53.00,-397.18,2.92
230844,63,12.35,5.00,-397.12,2.24
230869,63,12.35,9.00,-397.09,1.18
230894,63,12.35,10.00,-397.07,0.73
230919,63,12.35,11.00,-397.06,0.39
230944,63,12.35,14.00,-397.06,0.11
230969,63,12.35,12.00,-397.06,0.22
230994,63,12.35,13.00,-397.05,0.06
231019,63,12.35,13.00,-397.05,0.00
231044,63,12.35,13.00,-397.05,0.00
231069,63,12.35,14.00,-397.05,0.00
231094,63,12.35,13.00,-397.05,0.00
231119,63,12.35,14.00,-397.05,0.00
231144,63,12.35,13.00,-397.05,0.00
231169,63,12.35,14.00,-397.05,0.00
231194,63,12.35,13.00,-397.05,0.00
231219,63,12.35,14.00,-397.05,0.00
231244,63,12.35,15.00,-397.05,0.00
231269,63,12.35,14.00,-397.05,0.00
231294,63,12.35,13.00,-397.05,0.00
231319,63,12.35,14.00,-397.05,0.00
231344,63,12.35,14.00,-397.05,0.00
231369,63,12.35,13.00,-397.05,0.00
231394,63,12.35,13.00,-397.05,0.00
231419,63,12.35,14.00,-397.05,0.00
231444,63,12.35,14.00,-397.05,0.00
231469,63,12.35,14.00,-397.05,0.00
231494,63,12.35,13.00,-397.05,0.00
231519,63,12.35,14.00,-397.05,0.00
231544,63,12.35,13.00,-397.05,0.00
231569,63,12.35,14.00,-397.05,0.00
231594,63,12.35,13.00,-397.05,0.00
231619,63,12.35,12.00,-397.05,0.00
231644,63,12.35,12.00,-397.05,0.00
231669,63,12.35,13.00,-397.05,0.00
231694,63,12.35,15.00,-397.05,0.00
231719,63,12.35,13.00,-397.05,0.00
231744,63,12.35,12.00,-397.05,0.00
231769,63,12.35,14.00,-397.05,0.00
231794,63,12.35,13.00,-397.05,0.00
231819,-641,12.35,23.00,-397.05,0.00
231844,-641,12.35,114.00,-397.07,-0.62
231869,-641,12.35,98.00,-397.10,-1.40
231894,-641,12.35,69.00,-397.15,-1.74
231919,-641,12.35,56.00,-397.20,-2.02
231944,-641,12.35,46.00,-397.25,-2.24
231969,-641,12.35,41.00,-397.31,-2.24
231994,-641,12.35,48.00,-397.37,-2.41
232019,-641,12.35,47.00,-397.43,-2.30
232044,-641,12.35,40.00,-397.49,-2.41
232069,-641,12.35,40.00,-397.55,-2.30
232094,-641,12.35,34.00,-397.61,-2.36
232119,-641,12.35,32.00,-397.67,-2.41
232144,-641,12.35,38.00,-397.72,-2.36
232169,-641,12.35,39.00,-397.79,-2.47
232194,-641,12.35,38.00,-397.84,-2.36
232219,-641,12.35,40.00,-397.90,-2.30
232244,-641,12.35,44.00,-397.96,-2.47
232269,-641,12.35,44.00,-398.02,-2.36
232294,-641,12.35,48.00,-398.08,-2.41
232319,-641,12.35,48.00,-398.14,-2.36
232344,-641,12.35,43.00,-398.20,-2.47
232369,-641,12.35,41.00,-398.26,-2.30
232394,-641,12.35,34.00,-398.32,-2.36
232419,-641,12.35,32.00,-398.38,-2.47
232444,-641,12.35,32.00,-398.44,-2.36
232469,-641,12.35,35.00,-398.50,-2.41
232494,-641,12.35,40.00,-398.56,-2.36
232519,-641,12.35,42.00,-398.62,-2.36
232544,-641,12.35,39.00,-398.68,-2.47
232569,-641,12.35,41.00,-398.74,-2.36
232594,-641,12.35,44.00,-398.80,-2.41
232619,-641,12.35,46.00,-398.86,-2.36
232644,-641,12.35,44.00,-398.92,-2.36
232669,-641,12.35,46.00,-398.98,-2.47
232694,-641,12.35,39.00,-399.04,-2.36
232719,-641,12.35,34.00,-399.10,-2.41
232744,-641,12.35,39.00,-399.16,-2.36
232769,-641,12.35,34.00,-399.22,-2.47
232794,-641,12.35,32.00,-399.28,-2.36
232819,-1328,12.35,34.00,-399.34,-2.36
232844,-1328,12.35,270.00,-399.41,-3.03
232869,-1328,12.35,189.00,-399.51,-3.87
232894,-1328,12.35,144.00,-399.62,-4.60
232919,-1328,12.35,112.00,-399.74,-4.71
232944,-1328,12.35,104.00,-399.86,-4.88
232969,-1328,12.35,103.00,-399.99,-5.22
232994,-1328,12.35,79.00,-400.12,-5.05
233019,-1328,12.35,95.00,-400.25,-5.33
233044,-1328,12.35,82.00,-400.38,-5.16
233069,-1328,12.35,88.00,-400.52,-5.39
233094,-1328,12.35,77.00,-400.65,-5.16
233119,-1328,12.35,67.00,-400.78,-5.16
233144,-1328,12.35,84.00,-400.91,-5.39
233169,-1328,12.35,72.00,-401.04,-5.16
233194,-1328,12.35,83.00,-401.17,-5.39
233219,-1328,12.35,90.00,-401.30,-5.22
233244,-1328,12.35,76.00,-401.43,-5.16
233269,-1328,12.35,82.00,-401.57,-5.44
233294,-1328,12.35,68.00,-401.70,-5.16
233319,-1328,12.35,73.00,-401.83,-5.44
233344,-1328,12.35,70.00,-401.96,-5.16
233369,-1328,12.35,84.00,-402.09,-5.16
233394,-1328,12.35,101.00,-402.23,-5.44
233419,-1328,12.35,69.00,-402.36,-5.16
233444,-1328,12.35,72.00,-402.49,-5.44
233469,-1328,12.35,94.00,-402.62,-5.16
233494,-1328,12.35,58.00,-402.76,-5.44
233519,-1328,12.35,74.00,-402.89,-5.16
233544,-1328,12.35,83.00,-403.02,-5.16
233569,-1328,12.35,74.00,-403.15,-5.44
233594,-1328,12.35,72.00,-403.28,-5.16
233619,-1328,12.35,77.00,-403.42,-5.39
233644,-1328,12.35,87.00,-403.55,-5.22
233669,-1328,12.35,73.00,-403.68,-5.16
233694,-1328,12.35,76.00,-403.81,-5.44
233719,-1328,12.35,76.00,-403.94,-5.16
233744,-1328,12.35,64.00,-404.08,-5.44
233769,-1328,12.35,96.00,-404.21,-5.16
233794,-1328,12.35,84.00,-404.34,-5.39
233819,-1979,12.35,79.00,-404.47,-5.22
233844,-1979,12.35,367.00,-404.61,-5.67
233869,-1979,12.35,259.00,-404.78,-6.79
233894,-1979,12.35,195.00,-404.96,-6.96
233919,-1979,12.35,150.00,-405.15,-7.63
233944,-1979,12.35,136.00,-405.33,-7.41
233969,-1979,12.35,147.00,-405.52,-7.57
233994,-1979,12.35,121.00,-405.72,-7.97
234019,-1979,12.35,112.00,-405.91,-7.74
234044,-1979,12.35,130.00,-406.12,-8.08
234069,-1979,12.35,132.00,-406.31,-7.80
234094,-1979,12.35,101.00,-406.52,-8.13
234119,-1979,12.35,110.00,-406.71,-7.85
234144,-1979,12.35,111.00,-406.91,-7.85
234169,-1979,12.35,104.00,-407.11,-8.19
234194,-1979,12.35,113.00,-407.31,-7.85
234219,-1979,12.35,141.00,-407.51,-8.13
234244,-1979,12.35,130.00,-407.71,-7.85
234269,-1979,12.35,142.00,-407.90,-7.85
234294,-1979,12.35,126.00,-408.11,-8.19
234319,-1979,12.35,106.00,-408.31,-7.85
234344,-1979,12.35,98.00,-408.51,-8.25
234369,-1979,12.35,104.00,-408.71,-7.85
234394,-1979,12.35,109.00,-408.91,-7.91
234419,-1979,12.35,122.00,-409.11,-8.19
234444,-1979,12.35,137.00,-409.31,-7.85
234469,-1979,12.35,115.00,-409.51,-8.25
234494,-1979,12.35,104.00,-409.71,-7.85
234519,-1979,12.35,96.00,-409.91,-8.19
234544,-1979,12.35,105.00,-410.11,-7.91
234569,-1979,12.35,121.00,-410.31,-7.85
234594,-1979,12.35,109.00,-410.51,-8.25
234619,-1979,12.35,90.00,-410.71,-7.85
234644,-1979,12.35,109.00,-410.92,-8.25
234669,-1979,12.35,130.00,-411.11,-7.85
234694,-1979,12.35,128.00,-411.31,-7.85
234719,-1979,12.35,130.00,-411.51,-8.19
234744,-1979,12.35,127.00,-411.71,-7.85
234769,-1979,12.35,134.00,-411.92,-8.19
234794,-1979,12.35,134.00,-412.11,-7.85
234819,-2572,12.35,112.00,-412.32,-8.25
234844,-2572,12.35,410.00,-412.53,-8.30
234869,-2572,12.35,325.00,-412.75,-8.98
234894,-2572,12.35,242.00,-413.00,-9.82
234919,-2572,12.35,184.00,-413.24,-9.71
234944,-2572,12.35,191.00,-413.50,-10.32
234969,-2572,12.35,156.00,-413.75,-10.04
234994,-2572,12.35,177.00,-414.00,-10.15
235019,-2572,12.35,169.00,-414.27,-10.66
235044,-2572,12.35,154.00,-414.52,-10.27
235069,-2572,12.35,155.00,-414.79,-10.72
235094,-2572,12.35,157.00,-415.05,-10.27
235119,-2572,12.35,176.00,-415.31,-10.32
235144,-2572,12.35,122.00,-415.58,-10.72
235169,-2572,12.35,122.00,-415.83,-10.32
235194,-2572,12.35,135.00,-416.10,-10.77
235219,-2572,12.35,164.00,-416.36,-10.27
235244,-2572,12.35,166.00,-416.63,-10.77
235269,-2572,12.35,142.00,-416.89,-10.27
235294,-2572,12.35,125.00,-417.14,-10.32
235319,-2572,12.35,104.00,-417.41,-10.72
235344,-2572,12.35,130.00,-417.67,-10.27
235369,-2572,12.35,126.00,-417.94,-10.72
235394,-2572,12.35,132.00,-418.19,-10.32
235419,-2572,12.35,150.00,-418.45,-10.27
235444,-2572,12.35,156.00,-418.72,-10.77
235469,-2572,12.35,139.00,-418.98,-10.32
235494,-2572,12.35,104.00,-419.25,-10.77
235519,-2572,12.35,129.00,-419.50,-10.27
235544,-2572,12.35,138.00,-419.77,-10.72
235569,-2572,12.35,160.00,-420.03,-10.32
235594,-2572,12.35,143.00,-420.29,-10.27
235619,-2572,12.35,138.00,-420.55,-10.72
235644,-2572,12.35,131.00,-420.81,-10.32
235669,-2572,12.35,127.00,-421.08,-10.72
235694,-2572,12.35,137.00,-421.34,-10.32
235719,-2572,12.35,141.00,-421.60,-10.32
235744,-2572,12.35,148.00,-421.86,-10.72
235769,-2572,12.35,136.00,-422.12,-10.32
235794,-2572,12.35,125.00,-422.39,-10.72
235819,-3089,12.35,116.00,-422.65,-10.27
235844,-3089,12.35,479.00,-422.91,-10.66
235869,-3089,12.35,330.00,-423.20,-11.67
235894,-3089,12.35,299.00,-423.50,-11.61
235919,-3089,12.35,220.00,-423.80,-12.34
235944,-3089,12.35,188.00,-424.11,-12.06
235969,-3089,12.35,176.00,-424.42,-12.68
235994,-3089,12.35,197.00,-424.73,-12.29
236019,-3089,12.35,182.00,-425.04,-12.34
236044,-3089,12.35,202.00,-425.36,-12.85
236069,-3089,12.35,167.00,-425.67,-12.40
236094,-3089,12.35,145.00,-425.99,-12.90
236119,-3089,12.35,167.00,-426.30,-12.45
236144,-3089,12.35,141.00,-426.61,-12.40
236169,-3089,12.35,151.00,-426.94,-12.96
236194,-3089,12.35,150.00,-427.25,-12.45
236219,-3089,12.35,168.00,-427.57,-12.96
236244,-3089,12.35,162.00,-427.88,-12.45
236269,-3089,12.35,156.00,-428.21,-12.96
236294,-3089,12.35,152.00,-428.52,-12.45
236319,-3089,12.35,180.00,-428.83,-12.40
236344,-3089,12.35,142.00,-429.15,-13.02
236369,-3089,12.35,116.00,-429.46,-12.40
236394,-3089,12.35,174.00,-429.79,-13.02
236419,-3089,12.35,155.00,-430.10,-12.45
236444,-3089,12.35,153.00,-430.41,-12.40
236469,-3089,12.35,158.00,-430.73,-12.96
236494,-3089,12.35,158.00,-431.05,-12.45
236519,-3089,12.35,160.00,-431.37,-12.96
236544,-3089,12.35,160.00,-431.68,-12.45
236569,-3089,12.35,165.00,-431.99,-12.45
236594,-3089,12.35,145.00,-432.32,-12.96
236619,-3089,12.35,164.00,-432.63,-12.45
236644,-3089,12.35,193.00,-432.95,-12.96
236669,-3089,12.35,129.00,-433.26,-12.45
236694,-3089,12.35,144.00,-433.59,-13.02
236719,-3089,12.35,171.00,-433.90,-12.45
236744,-3089,12.35,126.00,-434.21,-12.45
236769,-3089,12.35,151.00,-434.54,-13.02
236794,-3089,12.35,147.00,-434.85,-12.45
236819,-3513,12.35,158.00,-435.17,-12.96
236844,-3513,12.35,424.00,-435.49,-12.73
236869,-3513,12.35,352.00,-435.82,-13.13
236894,-3513,12.35,295.00,-436.17,-14.08
236919,-3513,12.35,254.00,-436.51,-13.69
236944,-3513,12.35,196.00,-436.87,-14.42
236969,-3513,12.35,204.00,-437.22,-13.97
236994,-3513,12.35,181.00,-437.59,-14.59
237019,-3513,12.35,203.00,-437.94,-14.08
237044,-3513,12.35,185.00,-438.29,-14.14
237069,-3513,12.35,170.00,-438.66,-14.70
237094,-3513,12.35,156.00,-439.01,-14.14
237119,-3513,12.35,161.00,-439.38,-14.75
237144,-3513,12.35,180.00,-439.74,-14.19
237169,-3513,12.35,170.00,-440.09,-14.14
237194,-3513,12.35,174.00,-440.46,-14.81
237219,-3513,12.35,160.00,-440.82,-14.19
237244,-3513,12.35,157.00,-441.18,-14.75
237269,-3513,12.35,164.00,-441.54,-14.19
237294,-3513,12.35,184.00,-441.91,-14.81
237319,-3513,12.35,164.00,-442.26,-14.14
237344,-3513,12.35,154.00,-442.62,-14.19
237369,-3513,12.35,168.00,-442.99,-14.81
237394,-3513,12.35,152.00,-443.34,-14.14
237419,-3513,12.35,163.00,-443.71,-14.75
237444,-3513,12.35,165.00,-444.07,-14.19
237469,-3513,12.35,179.00,-444.42,-14.14
237494,-3513,12.35,181.00,-444.79,-14.81
237519,-3513,12.35,160.00,-445.14,-14.19
237544,-3513,12.35,157.00,-445.51,-14.81
237569,-3513,12.35,172.00,-445.87,-14.19
237594,-3513,12.35,162.00,-446.22,-14.19
237619,-3513,12.35,139.00,-446.59,-14.81
237644,-3513,12.35,159.00,-446.95,-14.19
237669,-3513,12.35,169.00,-447.32,-14.81
237694,-3513,12.35,183.00,-447.67,-14.14
237719,-3513,12.35,173.00,-448.04,-14.81
237744,-3513,12.35,153.00,-448.40,-14.19
237769,-3513,12.35,168.00,-448.75,-14.19
237794,-3513,12.35,163.00,-449.12,-14.75
237819,-3829,12.35,166.00,-449.48,-14.19
237844,-3829,12.35,362.00,-449.85,-14.92
237869,-3829,12.35,312.00,-450.22,-14.70
237894,-3829,12.35,272.00,-450.59,-14.92
237919,-3829,12.35,234.00,-450.98,-15.71
237944,-3829,12.35,227.00,-451.36,-15.20
237969,-3829,12.35,218.00,-451.76,-15.93
237994,-3829,12.35,197.00,-452.14,-15.32
238019,-3829,12.35,181.00,-452.54,-15.99
238044,-3829,12.35,187.00,-452.93,-15.43
238069,-3829,12.35,189.00,-453.32,-15.43
238094,-3829,12.35,174.00,-453.72,-16.04
238119,-3829,12.35,188.00,-454.10,-15.43
238144,-3829,12.35,189.00,-454.50,-16.10
238169,-3829,12.35,171.00,-454.89,-15.43
238194,-3829,12.35,174.00,-455.28,-15.48
238219,-3829,12.35,175.00,-455.68,-16.10
238244,-3829,12.35,170.00,-456.07,-15.43
238269,-3829,12.35,172.00,-456.47,-16.10
238294,-3829,12.35,183.00,-456.85,-15.48
238319,-3829,12.35,180.00,-457.24,-15.43
238344,-3829,12.35,166.00,-457.64,-16.16
238369,-3829,12.35,183.00,-458.03,-15.43
238394,-3829,12.35,179.00,-458.43,-16.10
238419,-3829,12.35,169.00,-458.82,-15.48
238444,-3829,12.35,171.00,-459.22,-16.16
238469,-3829,12.35,168.00,-459.61,-15.43
238494,-3829,12.35,166.00,-460.00,-15.48
238519,-3829,12.35,188.00,-460.40,-16.16
238544,-3829,12.35,183.00,-460.79,-15.43
238569,-3829,12.35,169.00,-461.19,-16.10
238594,-3829,12.35,168.00,-461.57,-15.43
238619,-3829,12.35,171.00,-461.96,-15.48
238644,-3829,12.35,180.00,-462.36,-16.10
238669,-3829,12.35,181.00,-462.75,-15.48
238694,-3829,12.35,189.00,-463.15,-16.10
238719,-3829,12.35,171.00,-463.54,-15.48
238744,-3829,12.35,168.00,-463.94,-16.16
238769,-3829,12.35,188.00,-464.33,-15.43
238794,-3829,12.35,177.00,-464.72,-15.48
238819,-4026,12.35,171.00,-465.12,-16.16
238844,-4026,12.35,298.00,-465.51,-15.60
238869,-4026,12.35,270.00,-465.92,-16.44
238894,-4026,12.35,259.00,-466.32,-15.93
238919,-4026,12.35,222.00,-466.72,-16.04
238944,-4026,12.35,226.00,-467.14,-16.72
238969,-4026,12.35,217.00,-467.54,-16.16
238994,-4026,12.35,201.00,-467.96,-16.83
239019,-4026,12.35,201.00,-468.37,-16.21
239044,-4026,12.35,188.00,-468.77,-16.21
239069,-4026,12.35,185.00,-469.20,-16.89
239094,-4026,12.35,172.00,-469.60,-16.27
239119,-4026,12.35,183.00,-470.03,-16.94
239144,-4026,12.35,176.00,-470.43,-16.21
239169,-4026,12.35,176.00,-470.86,-16.94
239194,-4026,12.35,190.00,-471.26,-16.27
239219,-4026,12.35,183.00,-471.67,-16.27
239244,-4026,12.35,192.00,-472.09,-16.94
239269,-4026,12.35,185.00,-472.50,-16.27
239294,-4026,12.35,192.00,-472.92,-16.94
239319,-4026,12.35,186.00,-473.33,-16.33
239344,-4026,12.35,196.00,-473.74,-16.21
239369,-4026,12.35,192.00,-474.16,-16.94
239394,-4026,12.35,191.00,-474.57,-16.27
239419,-4026,12.35,200.00,-474.99,-16.94
239444,-4026,12.35,199.00,-475.40,-16.27
239469,-4026,12.35,191.00,-475.82,-16.94
239494,-4026,12.35,188.00,-476.23,-16.27
239519,-4026,12.35,188.00,-476.63,-16.27
239544,-4026,12.35,182.00,-477.06,-16.94
239569,-4026,12.35,173.00,-477.47,-16.33
239594,-4026,12.35,187.00,-477.89,-16.94
239619,-4026,12.35,173.00,-478.30,-16.27
239644,-4026,12.35,189.00,-478.70,-16.33
239669,-4026,12.35,177.00,-479.13,-16.94
239694,-4026,12.35,203.00,-479.53,-16.27
239719,-4026,12.35,185.00,-479.96,-16.94
239744,-4026,12.35,195.00,-480.36,-16.27
239769,-4026,12.35,187.00,-480.77,-16.27
239794,-4026,12.35,192.00,-481.20,-16.94
239819,-4096,12.35,193.00,-481.60,-16.27
239844,-4096,12.35,244.00,-482.03,-16.94
239869,-4096,12.35,221.00,-482.44,-16.38
239894,-4096,12.35,198.00,-482.86,-17.17
239919,-4096,12.35,199.00,-483.28,-16.44
239944,-4096,12.35,183.00,-483.69,-16.49
239969,-4096,12.35,194.00,-484.12,-17.17
239994,-4096,12.35,194.00,-484.53,-16.55
240019,-4096,12.35,185.00,-484.96,-17.22
240044,-4096,12.35,181.00,-485.37,-16.55
240069,-4096,12.35,187.00,-485.79,-16.55
240094,-4096,12.35,186.00,-486.22,-17.22
240119,-4096,12.35,180.00,-486.63,-16.55
240144,-4096,12.35,190.00,-487.06,-17.22
240169,-4096,12.35,193.00,-487.48,-16.49
240194,-4096,12.35,191.00,-487.91,-17.22
240219,-4096,12.35,181.00,-488.32,-16.55
240244,-4096,12.35,185.00,-488.73,-16.55
240269,-4096,12.35,184.00,-489.16,-17.22
240294,-4096,12.35,178.00,-489.58,-16.55
240319,-4096,12.35,191.00,-490.01,-17.28
240344,-4096,12.35,180.00,-490.42,-16.55
240369,-4096,12.35,185.00,-490.84,-16.55
240394,-4096,12.35,164.00,-491.27,-17.22
240419,-4096,12.35,191.00,-491.68,-16.55
240444,-4096,12.35,191.00,-492.11,-17.28
240469,-4096,12.35,191.00,-492.53,-16.55
240494,-4096,12.35,175.00,-492.96,-17.22
240519,-4096,12.35,186.00,-493.37,-16.49
240544,-4096,12.35,182.00,-493.78,-16.55
240569,-4096,12.35,190.00,-494.21,-17.22
240594,-4096,12.35,181.00,-494.63,-16.55
240619,-4096,12.35,192.00,-495.06,-17.22
240644,-4096,12.35,173.00,-495.47,-16.55
240669,-4096,12.35,182.00,-495.89,-16.61
240694,-4096,12.35,188.00,-496.32,-17.22
240719,-4096,12.35,190.00,-496.73,-16.55
240744,-4096,12.35,185.00,-497.16,-17.28
240769,-4096,12.35,181.00,-497.58,-16.55
240794,-4096,12.35,186.00,-497.99,-16.55
240819,-4035,12.35,174.00,-498.42,-17.28
240844,-4035,12.35,144.00,-498.84,-16.49
240869,-4035,12.35,159.00,-499.26,-17.17
240894,-4035,12.35,169.00,-499.67,-16.38
240919,-4035,12.35,173.00,-500.10,-17.05
240944,-4035,12.35,187.00,-500.51,-16.33
240969,-4035,12.35,186.00,-500.92,-16.33
240994,-4035,12.35,173.00,-501.34,-17.05
241019,-4035,12.35,167.00,-501.75,-16.33
241044,-4035,12.35,173.00,-502.18,-17.00
241069,-4035,12.35,165.00,-502.58,-16.33
241094,-4035,12.35,179.00,-502.99,-16.33
241119,-4035,12.35,181.00,-503.42,-17.00
241144,-4035,12.35,176.00,-503.83,-16.33
241169,-4035,12.35,176.00,-504.25,-17.00
241194,-4035,12.35,167.00,-504.66,-16.33
241219,-4035,12.35,182.00,-505.08,-17.00
241244,-4035,12.35,172.00,-505.49,-16.33
241269,-4035,12.35,185.00,-505.90,-16.27
241294,-4035,12.35,188.00,-506.32,-17.00
241319,-4035,12.35,194.00,-506.73,-16.27
241344,-4035,12.35,187.00,-507.16,-17.00
241369,-4035,12.35,187.00,-507.56,-16.27
241394,-4035,12.35,184.00,-507.97,-16.33
241419,-4035,12.35,189.00,-508.40,-17.00
241444,-4035,12.35,177.00,-508.80,-16.33
241469,-4035,12.35,187.00,-509.23,-17.00
241494,-4035,12.35,180.00,-509.64,-16.33
241519,-4035,12.35,200.00,-510.04,-16.27
241544,-4035,12.35,189.00,-510.47,-17.00
241569,-4035,12.35,197.00,-510.88,-16.33
241594,-4035,12.35,192.00,-511.30,-17.00
241619,-4035,12.35,181.00,-511.71,-16.33
241644,-4035,12.35,189.00,-512.13,-16.94
241669,-4035,12.35,173.00,-512.54,-16.33
241694,-4035,12.35,179.00,-512.95,-16.27
241719,-4035,12.35,172.00,-513.37,-17.00
241744,-4035,12.35,175.00,-513.78,-16.27
241769,-4035,12.35,186.00,-514.20,-17.00
241794,-4035,12.35,184.00,-514.61,-16.33
241819,-3843,12.35,181.00,-515.02,-16.27
241844,-3843,12.35,63.00,-515.44,-16.89
241869,-3843,12.35,93.00,-515.84,-15.99
241894,-3843,12.35,126.00,-516.25,-16.55
241919,-3843,12.35,127.00,-516.65,-15.76
241944,-3843,12.35,127.00,-517.06,-16.38
241969,-3843,12.35,141.00,-517.45,-15.65
241994,-3843,12.35,150.00,-517.84,-15.65
242019,-3843,12.35,171.00,-518.25,-16.21
242044,-3843,12.35,163.00,-518.63,-15.54
242069,-3843,12.35,173.00,-519.04,-16.21
242094,-3843,12.35,177.00,-519.43,-15.54
242119,-3843,12.35,176.00,-519.82,-15.54
242144,-3843,12.35,175.00,-520.22,-16.21
242169,-3843,12.35,165.00,-520.61,-15.54
242194,-3843,12.35,177.00,-521.01,-16.16
242219,-3843,12.35,172.00,-521.40,-15.54
242244,-3843,12.35,167.00,-521.79,-15.54
242269,-3843,12.35,166.00,-522.20,-16.21
242294,-3843,12.35,175.00,-522.59,-15.54
242319,-3843,12.35,163.00,-522.99,-16.21
242344,-3843,12.35,170.00,-523.38,-15.54
242369,-3843,12.35,184.00,-523.78,-16.16
242394,-3843,12.35,157.00,-524.17,-15.54
242419,-3843,12.35,171.00,-524.56,-15.54
242444,-3843,12.35,175.00,-524.96,-16.16
242469,-3843,12.35,177.00,-525.35,-15.48
242494,-3843,12.35,177.00,-525.76,-16.16
242519,-3843,12.35,173.00,-526.15,-15.60
242544,-3843,12.35,180.00,-526.53,-15.48
242569,-3843,12.35,177.00,-526.94,-16.21
242594,-3843,12.35,180.00,-527.33,-15.54
242619,-3843,12.35,172.00,-527.73,-16.21
242644,-3843,12.35,174.00,-528.12,-15.54
242669,-3843,12.35,179.00,-528.53,-16.21
242694,-3843,12.35,171.00,-528.91,-15.54
242719,-3843,12.35,170.00,-529.30,-15.54
242744,-3843,12.35,187.00,-529.71,-16.21
242769,-3843,12.35,158.00,-530.10,-15.54
242794,-3843,12.35,174.00,-530.50,-16.16
242819,-3525,12.35,184.00,-530.89,-15.54
242844,-3525,12.35,-1.00,-531.27,-15.37
242869,-3525,12.35,43.00,-531.66,-15.60
242894,-3525,12.35,88.00,-532.03,-14.81
242919,-3525,12.35,110.00,-532.41,-15.26
242944,-3525,12.35,110.00,-532.78,-14.53
242969,-3525,12.35,140.00,-533.14,-14.47
242994,-3525,12.35,150.00,-533.51,-14.98
243019,-3525,12.35,150.00,-533.87,-14.36
243044,-3525,12.35,142.00,-534.25,-14.92
243069,-3525,12.35,154.00,-534.60,-14.31
243094,-3525,12.35,136.00,-534.98,-14.87
243119,-3525,12.35,154.00,-535.33,-14.25
243144,-3525,12.35,147.00,-535.69,-14.25
243169,-3525,12.35,143.00,-536.06,-14.87
243194,-3525,12.35,162.00,-536.42,-14.25
243219,-3525,12.35,171.00,-536.79,-14.87
243244,-3525,12.35,169.00,-537.14,-14.25
243269,-3525,12.35,160.00,-537.50,-14.19
243294,-3525,12.35,152.00,-537.87,-14.87
243319,-3525,12.35,145.00,-538.22,-14.19
243344,-3525,12.35,164.00,-538.60,-14.87
243369,-3525,12.35,183.00,-538.95,-14.25
243394,-3525,12.35,162.00,-539.32,-14.81
243419,-3525,12.35,180.00,-539.68,-14.31
243444,-3525,12.35,172.00,-540.04,-14.25
243469,-3525,12.35,159.00,-540.41,-14.81
243494,-3525,12.35,162.00,-540.76,-14.31
243519,-3525,12.35,149.00,-541.14,-14.81
243544,-3525,12.35,166.00,-541.49,-14.25
243569,-3525,12.35,133.00,-541.85,-14.25
243594,-3525,12.35,164.00,-542.22,-14.87
243619,-3525,12.35,183.00,-542.58,-14.25
243644,-3525,12.35,158.00,-542.95,-14.87
243669,-3525,12.35,170.00,-543.30,-14.25
243694,-3525,12.35,169.00,-543.67,-14.81
243719,-3525,12.35,144.00,-544.03,-14.25
243744,-3525,12.35,178.00,-544.39,-14.25
243769,-3525,12.35,159.00,-544.76,-14.81
243794,-3525,12.35,164.00,-545.11,-14.31
243819,-3089,12.35,185.00,-545.48,-14.81
243844,-3089,12.35,-23.00,-545.83,-14.02
243869,-3089,12.35,5.00,-546.18,-13.63
243894,-3089,12.35,-8.00,-546.52,-13.80
243919,-3089,12.35,35.00,-546.85,-13.02
243944,-3089,12.35,90.00,-547.18,-13.30
243969,-3089,12.35,121.00,-547.50,-12.68
243994,-3089,12.35,110.00,-547.81,-12.57
244019,-3089,12.35,118.00,-548.14,-13.07
244044,-3089,12.35,145.00,-548.45,-12.57
244069,-3089,12.35,145.00,-548.78,-13.02
244094,-3089,12.35,151.00,-549.09,-12.45
244119,-3089,12.35,132.00,-549.41,-12.96
244144,-3089,12.35,154.00,-549.72,-12.45
244169,-3089,12.35,142.00,-550.03,-12.45
244194,-3089,12.35,157.00,-550.36,-12.96
244219,-3089,12.35,169.00,-550.67,-12.45
244244,-3089,12.35,153.00,-550.99,-12.96
244269,-3089,12.35,147.00,-551.31,-12.51
244294,-3089,12.35,152.00,-551.62,-12.45
244319,-3089,12.35,154.00,-551.94,-12.96
244344,-3089,12.35,131.00,-552.25,-12.45
244369,-3089,12.35,131.00,-552.58,-13.02
244394,-3089,12.35,152.00,-552.89,-12.45
244419,-3089,12.35,156.00,-553.21,-13.02
244444,-3089,12.35,148.00,-553.53,-12.45
244469,-3089,12.35,159.00,-553.84,-12.45
244494,-3089,12.35,173.00,-554.16,-13.02
244519,-3089,12.35,155.00,-554.47,-12.45
244544,-3089,12.35,163.00,-554.80,-12.96
244569,-3089,12.35,124.00,-555.11,-12.51
244594,-3089,12.35,134.00,-555.42,-12.45
244619,-3089,12.35,171.00,-555.75,-12.96
244644,-3089,12.35,135.00,-556.06,-12.45
244669,-3089,12.35,186.00,-556.38,-12.90
244694,-3089,12.35,138.00,-556.69,-12.45
244719,-3089,12.35,143.00,-557.00,-12.45
244744,-3089,12.35,154.00,-557.33,-12.96
244769,-3089,12.35,139.00,-557.64,-12.45
244794,-3089,12.35,151.00,-557.96,-12.96
244819,-2550,12.35,147.00,-558.27,-12.45
244844,-2550,12.35,-23.00,-558.59,-12.62
244869,-2550,12.35,58.00,-558.88,-11.61
244894,-2550,12.35,1.00,-559.16,-11.28
244919,-2550,12.35,57.00,-559.45,-11.39
244944,-2550,12.35,-6.00,-559.71,-10.55
244969,-2550,12.35,136.00,-559.98,-10.88
244994,-2550,12.35,78.00,-560.24,-10.38
245019,-2550,12.35,130.00,-560.50,-10.32
245044,-2550,12.35,139.00,-560.77,-10.77
245069,-2550,12.35,153.00,-561.03,-10.27
245094,-2550,12.35,145.00,-561.29,-10.66
245119,-2550,12.35,149.00,-561.55,-10.27
245144,-2550,12.35,166.00,-561.81,-10.66
245169,-2550,12.35,148.00,-562.07,-10.27
245194,-2550,12.35,149.00,-562.33,-10.21
245219,-2550,12.35,174.00,-562.59,-10.66
245244,-2550,12.35,146.00,-562.85,-10.21
245269,-2550,12.35,145.00,-563.12,-10.66
245294,-2550,12.35,128.00,-563.37,-10.21
245319,-2550,12.35,113.00,-563.63,-10.27
245344,-2550,12.35,126.00,-563.89,-10.66
245369,-2550,12.35,93.00,-564.15,-10.27
245394,-2550,12.35,108.00,-564.42,-10.66
245419,-2550,12.35,108.00,-564.67,-10.21
245444,-2550,12.35,105.00,-564.93,-10.27
245469,-2550,12.35,152.00,-565.20,-10.66
245494,-2550,12.35,116.00,-565.45,-10.27
245519,-2550,12.35,121.00,-565.72,-10.66
245544,-2550,12.35,132.00,-565.97,-10.27
245569,-2550,12.35,122.00,-566.24,-10.66
245594,-2550,12.35,143.00,-566.50,-10.27
245619,-2550,12.35,152.00,-566.75,-10.21
245644,-2550,12.35,139.00,-567.02,-10.66
245669,-2550,12.35,169.00,-567.28,-10.27
245694,-2550,12.35,153.00,-567.54,-10.66
245719,-2550,12.35,156.00,-567.80,-10.21
245744,-2550,12.35,146.00,-568.05,-10.27
245769,-2550,12.35,115.00,-568.32,-10.66
245794,-2550,12.35,133.00,-568.58,-10.21
245819,-1922,12.35,103.00,-568.84,-10.66
245844,-1922,12.35,-59.00,-569.09,-9.76
245869,-1922,12.35,17.00,-569.33,-9.54
245894,-1922,12.35,-4.00,-569.55,-8.81
245919,-1922,12.35,26.00,-569.76,-8.47
245944,-1922,12.35,43.00,-569.97,-8.41
245969,-1922,12.35,79.00,-570.16,-7.85
245994,-1922,12.35,115.00,-570.37,-8.13
246019,-1922,12.35,67.00,-570.56,-7.74
246044,-1922,12.35,113.00,-570.75,-7.69
246069,-1922,12.35,101.00,-570.95,-8.02
246094,-1922,12.35,100.00,-571.15,-7.69
246119,-1922,12.35,95.00,-571.34,-7.97
246144,-1922,12.35,94.00,-571.54,-7.63
246169,-1922,12.35,107.00,-571.73,-7.69
246194,-1922,12.35,113.00,-571.93,-7.97
246219,-1922,12.35,121.00,-572.12,-7.63
246244,-1922,12.35,128.00,-572.32,-7.97
246269,-1922,12.35,120.00,-572.51,-7.63
246294,-1922,12.35,120.00,-572.71,-7.97
246319,-1922,12.35,110.00,-572.90,-7.63
246344,-1922,12.35,100.00,-573.09,-7.69
246369,-1922,12.35,100.00,-573.29,-7.91
246394,-1922,12.35,103.00,-573.48,-7.63
246419,-1922,12.35,101.00,-573.68,-7.97
246444,-1922,12.35,101.00,-573.87,-7.63
246469,-1922,12.35,107.00,-574.06,-7.69
246494,-1922,12.35,107.00,-574.26,-7.91
246519,-1922,12.35,116.00,-574.45,-7.63
246544,-1922,12.35,78.00,-574.65,-7.97
246569,-1922,12.35,88.00,-574.84,-7.63
246594,-1922,12.35,100.00,-575.04,-7.91
246619,-1922,12.35,102.00,-575.23,-7.63
246644,-1922,12.35,117.00,-575.42,-7.63
246669,-1922,12.35,124.00,-575.62,-7.97
246694,-1922,12.35,126.00,-575.81,-7.63
246719,-1922,12.35,128.00,-576.01,-7.97
246744,-1922,12.35,127.00,-576.20,-7.63
246769,-1922,12.35,119.00,-576.39,-7.63
246794,-1922,12.35,120.00,-576.59,-7.97
246819,-1227,12.35,120.00,-576.78,-7.63
246844,-1227,12.35,-82.00,-576.96,-7.41
246869,-1227,12.35,-23.00,-577.12,-6.28
246894,-1227,12.35,11.00,-577.27,-6.06
246919,-1227,12.35,10.00,-577.41,-5.50
246944,-1227,12.35,21.00,-577.54,-5.16
246969,-1227,12.35,53.00,-577.67,-5.22
246994,-1227,12.35,66.00,-577.79,-4.94
247019,-1227,12.35,63.00,-577.92,-5.05
247044,-1227,12.35,67.00,-578.04,-4.88
247069,-1227,12.35,81.00,-578.16,-4.82
247094,-1227,12.35,80.00,-578.28,-4.94
247119,-1227,12.35,85.00,-578.41,-4.82
247144,-1227,12.35,83.00,-578.53,-4.94
247169,-1227,12.35,75.00,-578.65,-4.82
247194,-1227,12.35,76.00,-578.77,-4.77
247219,-1227,12.35,80.00,-578.89,-4.99
247244,-1227,12.35,66.00,-579.01,-4.77
247269,-1227,12.35,83.00,-579.14,-4.94
247294,-1227,12.35,81.00,-579.26,-4.82
247319,-1227,12.35,67.00,-579.38,-4.99
247344,-1227,12.35,75.00,-579.50,-4.77
247369,-1227,12.35,78.00,-579.62,-4.77
247394,-1227,12.35,76.00,-579.74,-4.99
247419,-1227,12.35,86.00,-579.86,-4.77
247444,-1227,12.35,82.00,-579.99,-4.99
247469,-1227,12.35,75.00,-580.11,-4.77
247494,-1227,12.35,82.00,-580.23,-4.77
247519,-1227,12.35,78.00,-580.35,-4.99
247544,-1227,12.35,82.00,-580.47,-4.77
247569,-1227,12.35,84.00,-580.60,-4.99
247594,-1227,12.35,67.00,-580.72,-4.77
247619,-1227,12.35,81.00,-580.84,-4.99
247644,-1227,12.35,82.00,-580.96,-4.77
247669,-1227,12.35,77.00,-581.08,-4.77
247694,-1227,12.35,92.00,-581.20,-4.99
247719,-1227,12.35,92.00,-581.32,-4.77
247744,-1227,12.35,79.00,-581.45,-4.99
247769,-1227,12.35,85.00,-581.57,-4.77
247794,-1227,12.35,80.00,-581.69,-4.82
247819,-488,12.35,76.00,-581.81,-4.94
247844,-488,12.35,-43.00,-581.91,-4.15
247869,-488,12.35,-10.00,-582.00,-3.25
247894,-488,12.35,-3.00,-582.06,-2.58
247919,-488,12.35,12.00,-582.11,-2.19
247944,-488,12.35,25.00,-582.17,-2.02
247969,-488,12.35,28.00,-582.21,-1.91
247994,-488,12.35,33.00,-582.26,-1.91
248019,-488,12.35,36.00,-582.31,-1.80
248044,-488,12.35,32.00,-582.35,-1.85
248069,-488,12.35,33.00,-582.40,-1.74
248094,-488,12.35,32.00,-582.44,-1.80
248119,-488,12.35,32.00,-582.48,-1.80
248144,-488,12.35,26.00,-582.53,-1.74
248169,-488,12.35,26.00,-582.57,-1.85
248194,-488,12.35,28.00,-582.62,-1.74
248219,-488,12.35,31.00,-582.66,-1.74
248244,-488,12.35,32.00,-582.71,-1.85
248269,-488,12.35,37.00,-582.75,-1.74
248294,-488,12.35,36.00,-582.80,-1.85
248319,-488,12.35,34.00,-582.84,-1.74
248344,-488,12.35,36.00,-582.89,-1.85
248369,-488,12.35,31.00,-582.93,-1.74
248394,-488,12.35,27.00,-582.97,-1.74
248419,-488,12.35,28.00,-583.02,-1.85
248444,-488,12.35,24.00,-583.06,-1.74
248469,-488,12.35,28.00,-583.11,-1.85
248494,-488,12.35,27.00,-583.15,-1.74
248519,-488,12.35,35.00,-583.20,-1.74
248544,-488,12.35,35.00,-583.24,-1.85
248569,-488,12.35,36.00,-583.29,-1.74
248594,-488,12.35,37.00,-583.33,-1.85
248619,-488,12.35,35.00,-583.38,-1.74
248644,-488,12.35,36.00,-583.42,-1.74
248669,-488,12.35,29.00,-583.47,-1.85
248694,-488,12.35,28.00,-583.51,-1.74
248719,-488,12.35,24.00,-583.56,-1.85
248744,-488,12.35,26.00,-583.60,-1.74
248769,-488,12.35,27.00,-583.65,-1.85
248794,-488,12.35,28.00,-583.69,-1.74
248819,272,12.35,32.00,-583.73,-1.74
248844,272,12.35,55.00,-583.76,-1.01
248869,272,12.35,38.00,-583.76,0.06
248894,272,12.35,28.00,-583.74,0.50
248919,272,12.35,25.00,-583.73,0.62
248944,272,12.35,29.00,-583.71,0.73
248969,272,12.35,25.00,-583.69,0.84
248994,272,12.35,20.00,-583.67,0.84
249019,272,12.35,26.00,-583.65,0.84
249044,272,12.35,20.00,-583.63,0.84
249069,272,12.35,21.00,-583.60,0.90
249094,272,12.35,23.00,-583.58,0.84
249119,272,12.35,20.00,-583.56,0.84
249144,272,12.35,19.00,-583.54,0.90
249169,272,12.35,22.00,-583.52,0.84
249194,272,12.35,21.00,-583.50,0.90
249219,272,12.35,21.00,-583.47,0.90
249244,272,12.35,24.00,-583.45,0.84
249269,272,12.35,20.00,-583.43,0.90
249294,272,12.35,24.00,-583.41,0.84
249319,272,12.35,20.00,-583.39,0.90
249344,272,12.35,22.00,-583.37,0.84
249369,272,12.35,25.00,-583.34,0.84
249394,272,12.35,23.00,-583.32,0.90
249419,272,12.35,24.00,-583.30,0.84
249444,272,12.35,19.00,-583.28,0.90
249469,272,12.35,24.00,-583.26,0.84
249494,272,12.35,23.00,-583.24,0.90
249519,272,12.35,22.00,-583.21,0.84
249544,272,12.35,21.00,-583.19,0.84
249569,272,12.35,26.00,-583.17,0.90
249594,272,12.35,19.00,-583.15,0.84
249619,272,12.35,25.00,-583.13,0.90
249644,272,12.35,21.00,-583.11,0.84
249669,272,12.35,22.00,-583.09,0.84
249694,272,12.35,23.00,-583.06,0.90
249719,272,12.35,19.00,-583.04,0.84
249744,272,12.35,23.00,-583.02,0.90
249769,272,12.35,20.00,-583.00,0.84
249794,272,12.35,21.00,-582.98,0.90
249819,1025,12.35,25.00,-582.95,0.84
249844,1025,12.35,290.00,-582.92,1.51
249869,1025,12.35,138.00,-582.85,2.69
249894,1025,12.35,113.00,-582.77,3.14
249919,1025,12.35,96.00,-582.68,3.70
249944,1025,12.35,88.00,-582.59,3.70
249969,1025,12.35,78.00,-582.49,3.87
249994,1025,12.35,67.00,-582.39,4.04
250019,1025,12.35,72.00,-582.29,3.93
250044,1025,12.35,75.00,-582.19,4.15
250069,1025,12.35,55.00,-582.09,3.98
250094,1025,12.35,69.00,-581.98,4.15
250119,1025,12.35,68.00,-581.88,3.98
250144,1025,12.35,60.00,-581.78,3.98
250169,1025,12.35,63.00,-581.68,4.15
250194,1025,12.35,62.00,-581.58,3.98
250219,1025,12.35,58.00,-581.48,4.15
250244,1025,12.35,65.00,-581.38,4.04
250269,1025,12.35,65.00,-581.28,3.98
250294,1025,12.35,56.00,-581.17,4.15
250319,1025,12.35,61.00,-581.07,3.98
250344,1025,12.35,67.00,-580.97,4.15
250369,1025,12.35,64.00,-580.87,3.98
250394,1025,12.35,59.00,-580.77,4.04
250419,1025,12.35,63.00,-580.66,4.15
250444,1025,12.35,67.00,-580.56,3.98
250469,1025,12.35,77.00,-580.46,4.15
250494,1025,12.35,63.00,-580.36,3.98
250519,1025,12.35,58.00,-580.26,4.21
250544,1025,12.35,64.00,-580.16,3.98
250569,1025,12.35,67.00,-580.06,3.98
250594,1025,12.35,66.00,-579.95,4.15
250619,1025,12.35,71.00,-579.85,3.98
250644,1025,12.35,71.00,-579.75,4.21
250669,1025,12.35,64.00,-579.65,3.98
250694,1025,12.35,60.00,-579.55,3.98
250719,1025,12.35,66.00,-579.45,4.15
250744,1025,12.35,65.00,-579.34,4.04
250769,1025,12.35,62.00,-579.24,4.15
250794,1025,12.35,60.00,-579.14,3.98
250819,1745,12.35,69.00,-579.04,4.15
250844,1745,12.35,368.00,-578.92,4.60
250869,1745,12.35,285.00,-578.79,5.50
250894,1745,12.35,208.00,-578.63,6.34
250919,1745,12.35,167.00,-578.46,6.51
250944,1745,12.35,132.00,-578.29,6.96
250969,1745,12.35,127.00,-578.12,6.79
250994,1745,12.35,129.00,-577.95,6.90
251019,1745,12.35,116.00,-577.77,7.24
251044,1745,12.35,118.00,-577.59,7.01
251069,1745,12.35,105.00,-577.41,7.35
251094,1745,12.35,114.00,-577.23,7.01
251119,1745,12.35,115.00,-577.06,7.07
251144,1745,12.35,111.00,-576.87,7.41
251169,1745,12.35,105.00,-576.69,7.07
251194,1745,12.35,94.00,-576.51,7.35
251219,1745,12.35,89.00,-576.33,7.07
251244,1745,12.35,91.00,-576.15,7.29
251269,1745,12.35,93.00,-575.97,7.07
251294,1745,12.35,98.00,-575.80,7.01
251319,1745,12.35,100.00,-575.62,7.35
251344,1745,12.35,103.00,-575.44,7.07
251369,1745,12.35,105.00,-575.26,7.35
251394,1745,12.35,116.00,-575.08,7.01
251419,1745,12.35,126.00,-574.90,7.07
251444,1745,12.35,115.00,-574.72,7.35
251469,1745,12.35,112.00,-574.54,7.01
251494,1745,12.35,114.00,-574.36,7.35
251519,1745,12.35,111.00,-574.18,7.07
251544,1745,12.35,106.00,-574.00,7.35
251569,1745,12.35,96.00,-573.82,7.01
251594,1745,12.35,95.00,-573.65,7.07
251619,1745,12.35,95.00,-573.46,7.35
251644,1745,12.35,97.00,-573.29,7.01
251669,1745,12.35,104.00,-573.11,7.35
251694,1745,12.35,114.00,-572.93,7.07
251719,1745,12.35,116.00,-572.75,7.01
251744,1745,12.35,114.00,-572.57,7.35
251769,1745,12.35,126.00,-572.39,7.07
251794,1745,12.35,121.00,-572.21,7.35
251819,2408,12.35,115.00,-572.03,7.01
251844,2408,12.35,420.00,-571.84,7.57
251869,2408,12.35,324.00,-571.63,8.70
251894,2408,12.35,258.00,-571.40,8.92
251919,2408,12.35,254.00,-571.16,9.59
251944,2408,12.35,183.00,-570.93,9.42
251969,2408,12.35,177.00,-570.68,10.04
251994,2408,12.35,175.00,-570.44,9.65
252019,2408,12.35,136.00,-570.19,9.76
252044,2408,12.35,148.00,-569.94,10.21
252069,2408,12.35,132.00,-569.69,9.82
252094,2408,12.35,155.00,-569.43,10.27
252119,2408,12.35,130.00,-569.19,9.87
252144,2408,12.35,145.00,-568.94,9.87
252169,2408,12.35,136.00,-568.68,10.27
252194,2408,12.35,134.00,-568.44,9.93
252219,2408,12.35,129.00,-568.18,10.27
252244,2408,12.35,134.00,-567.93,9.87
252269,2408,12.35,133.00,-567.67,10.32
252294,2408,12.35,134.00,-567.43,9.87
252319,2408,12.35,129.00,-567.18,9.93
252344,2408,12.35,128.00,-566.92,10.32
252369,2408,12.35,114.00,-566.67,9.87
252394,2408,12.35,135.00,-566.42,10.32
252419,2408,12.35,144.00,-566.17,9.87
252444,2408,12.35,140.00,-565.92,9.87
252469,2408,12.35,158.00,-565.66,10.32
252494,2408,12.35,133.00,-565.42,9.87
252519,2408,12.35,126.00,-565.16,10.27
252544,2408,12.35,144.00,-564.91,9.93
252569,2408,12.35,148.00,-564.67,9.87
252594,2408,12.35,164.00,-564.41,10.32
252619,2408,12.35,163.00,-564.16,9.93
252644,2408,12.35,154.00,-563.90,10.32
252669,2408,12.35,110.00,-563.66,9.87
252694,2408,12.35,147.00,-563.40,10.32
252719,2408,12.35,158.00,-563.15,9.87
252744,2408,12.35,146.00,-562.90,9.93
252769,2408,12.35,123.00,-562.64,10.32
252794,2408,12.35,138.00,-562.40,9.87
252819,2987,12.35,163.00,-562.14,10.32
252844,2987,12.35,450.00,-561.88,10.32
252869,2987,12.35,347.00,-561.61,11.00
252894,2987,12.35,327.00,-561.31,11.84
252919,2987,12.35,226.00,-561.02,11.72
252944,2987,12.35,244.00,-560.71,12.40
252969,2987,12.35,215.00,-560.41,12.06
252994,2987,12.35,175.00,-560.09,12.68
253019,2987,12.35,175.00,-559.78,12.17
253044,2987,12.35,193.00,-559.48,12.23
253069,2987,12.35,208.00,-559.16,12.79
253094,2987,12.35,171.00,-558.85,12.34
253119,2987,12.35,154.00,-558.53,12.85
253144,2987,12.35,152.00,-558.22,12.34
253169,2987,12.35,156.00,-557.91,12.34
253194,2987,12.35,153.00,-557.59,12.90
253219,2987,12.35,191.00,-557.28,12.34
253244,2987,12.35,167.00,-556.96,12.85
253269,2987,12.35,162.00,-556.65,12.40
253294,2987,12.35,170.00,-556.33,12.90
253319,2987,12.35,171.00,-556.02,12.34
253344,2987,12.35,171.00,-555.71,12.40
253369,2987,12.35,164.00,-555.39,12.85
253394,2987,12.35,170.00,-555.08,12.40
253419,2987,12.35,173.00,-554.75,12.90
253444,2987,12.35,177.00,-554.44,12.40
253469,2987,12.35,162.00,-554.14,12.34
253494,2987,12.35,183.00,-553.81,12.90
253519,2987,12.35,147.00,-553.50,12.40
253544,2987,12.35,170.00,-553.18,12.90
253569,2987,12.35,154.00,-552.87,12.34
253594,2987,12.35,148.00,-552.56,12.40
253619,2987,12.35,188.00,-552.24,12.85
253644,2987,12.35,152.00,-551.93,12.40
253669,2987,12.35,151.00,-551.61,12.85
253694,2987,12.35,168.00,-551.30,12.40
253719,2987,12.35,174.00,-550.98,12.90
253744,2987,12.35,165.00,-550.67,12.34
253769,2987,12.35,166.00,-550.36,12.40
253794,2987,12.35,162.00,-550.04,12.90
253819,3462,12.35,171.00,-549.73,12.40
253844,3462,12.35,454.00,-549.40,13.18
253869,3462,12.35,389.00,-549.07,13.24
253894,3462,12.35,317.00,-548.73,13.52
253919,3462,12.35,283.00,-548.37,14.42
253944,3462,12.35,226.00,-548.02,14.02
253969,3462,12.35,225.00,-547.65,14.70
253994,3462,12.35,243.00,-547.29,14.19
254019,3462,12.35,186.00,-546.92,14.87
254044,3462,12.35,233.00,-546.57,14.31
254069,3462,12.35,182.00,-546.21,14.31
254094,3462,12.35,162.00,-545.83,14.98
254119,3462,12.35,198.00,-545.47,14.36
254144,3462,12.35,197.00,-545.10,14.98
254169,3462,12.35,167.00,-544.74,14.42
254194,3462,12.35,150.00,-544.38,14.42
254219,3462,12.35,179.00,-544.00,14.98
254244,3462,12.35,190.00,-543.64,14.42
254269,3462,12.35,164.00,-543.27,15.03
254294,3462,12.35,154.00,-542.91,14.42
254319,3462,12.35,148.00,-542.55,14.47
254344,3462,12.35,158.00,-542.17,15.03
254369,3462,12.35,171.00,-541.81,14.42
254394,3462,12.35,201.00,-541.43,15.03
254419,3462,12.35,195.00,-541.07,14.42
254444,3462,12.35,185.00,-540.70,15.03
254469,3462,12.35,157.00,-540.34,14.42
254494,3462,12.35,151.00,-539.98,14.42
254519,3462,12.35,156.00,-539.60,14.98
254544,3462,12.35,171.00,-539.24,14.47
254569,3462,12.35,197.00,-538.87,14.98
254594,3462,12.35,206.00,-538.51,14.42
254619,3462,12.35,189.00,-538.14,14.47
254644,3462,12.35,167.00,-537.77,14.98
254669,3462,12.35,168.00,-537.41,14.47
254694,3462,12.35,173.00,-537.03,15.03
254719,3462,12.35,192.00,-536.67,14.42
254744,3462,12.35,196.00,-536.30,15.03
254769,3462,12.35,181.00,-535.93,14.47
254794,3462,12.35,171.00,-535.57,14.47
254819,3814,12.35,174.00,-535.20,15.03
254844,3814,12.35,422.00,-534.83,14.64
254869,3814,12.35,338.00,-534.44,15.65
254894,3814,12.35,311.00,-534.06,15.32
254919,3814,12.35,255.00,-533.67,15.54
254944,3814,12.35,252.00,-533.26,16.27
254969,3814,12.35,211.00,-532.87,15.76
254994,3814,12.35,203.00,-532.46,16.44
255019,3814,12.35,215.00,-532.06,15.88
255044,3814,12.35,218.00,-531.66,15.88
255069,3814,12.35,202.00,-531.25,16.61
255094,3814,12.35,192.00,-530.85,15.99
255119,3814,12.35,166.00,-530.43,16.61
255144,3814,12.35,212.00,-530.03,15.93
255169,3814,12.35,198.00,-529.62,16.61
255194,3814,12.35,170.00,-529.22,15.99
255219,3814,12.35,192.00,-528.82,15.99
255244,3814,12.35,197.00,-528.40,16.66
255269,3814,12.35,200.00,-528.00,15.99
255294,3814,12.35,179.00,-527.59,16.61
255319,3814,12.35,214.00,-527.19,15.99
255344,3814,12.35,202.00,-526.79,15.93
255369,3814,12.35,192.00,-526.37,16.66
255394,3814,12.35,173.00,-525.97,15.99
255419,3814,12.35,187.00,-525.56,16.66
255444,3814,12.35,196.00,-525.16,15.99
255469,3814,12.35,180.00,-524.74,16.61
255494,3814,12.35,188.00,-524.34,15.99
255519,3814,12.35,194.00,-523.94,15.99
255544,3814,12.35,202.00,-523.53,16.66
255569,3814,12.35,185.00,-523.13,15.99
255594,3814,12.35,167.00,-522.71,16.66
255619,3814,12.35,171.00,-522.31,16.04
255644,3814,12.35,207.00,-521.91,15.93
255669,3814,12.35,204.00,-521.49,16.66
255694,3814,12.35,179.00,-521.09,15.99
255719,3814,12.35,187.00,-520.68,16.66
255744,3814,12.35,183.00,-520.28,15.93
255769,3814,12.35,182.00,-519.88,15.99
255794,3814,12.35,184.00,-519.46,16.61
255819,4028,12.35,194.00,-519.06,15.99
255844,4028,12.35,336.00,-518.64,16.77
255869,4028,12.35,292.00,-518.24,16.38
255894,4028,12.35,252.00,-517.81,17.17
255919,4028,12.35,249.00,-517.39,16.61
255944,4028,12.35,232.00,-516.97,16.72
255969,4028,12.35,228.00,-516.54,17.45
255994,4028,12.35,197.00,-516.12,16.83
256019,4028,12.35,198.00,-515.68,17.56
256044,4028,12.35,208.00,-515.26,16.83
256069,4028,12.35,196.00,-514.83,16.89
256094,4028,12.35,197.00,-514.39,17.62
256119,4028,12.35,200.00,-513.97,16.89
256144,4028,12.35,189.00,-513.53,17.62
256169,4028,12.35,199.00,-513.11,16.89
256194,4028,12.35,194.00,-512.67,17.62
256219,4028,12.35,185.00,-512.25,16.94
256244,4028,12.35,203.00,-511.82,16.94
256269,4028,12.35,201.00,-511.38,17.62
256294,4028,12.35,208.00,-510.96,16.94
256319,4028,12.35,212.00,-510.52,17.67
256344,4028,12.35,196.00,-510.09,16.89
256369,4028,12.35,206.00,-509.67,16.94
256394,4028,12.35,199.00,-509.23,17.67
256419,4028,12.35,209.00,-508.80,16.94
256444,4028,12.35,210.00,-508.36,17.62
256469,4028,12.35,197.00,-507.94,16.94
256494,4028,12.35,204.00,-507.50,17.62
256519,4028,12.35,194.00,-507.08,16.94
256544,4028,12.35,200.00,-506.65,16.89
256569,4028,12.35,204.00,-506.21,17.67
256594,4028,12.35,192.00,-505.79,16.89
256619,4028,12.35,202.00,-505.35,17.62
256644,4028,12.35,194.00,-504.93,16.94
256669,4028,12.35,186.00,-504.50,16.89
256694,4028,12.35,196.00,-504.06,17.67
256719,4028,12.35,190.00,-503.64,16.89
256744,4028,12.35,199.00,-503.20,17.67
256769,4028,12.35,204.00,-502.78,16.94
256794,4028,12.35,204.00,-502.35,16.89
256819,4096,12.35,207.00,-501.91,17.62
256844,4096,12.35,234.00,-501.49,16.94
256869,4096,12.35,243.00,-501.05,17.73
256894,4096,12.35,221.00,-500.62,17.11
256919,4096,12.35,224.00,-500.17,17.84
256944,4096,12.35,198.00,-499.74,17.11
256969,4096,12.35,223.00,-499.32,17.17
256994,4096,12.35,204.00,-498.87,17.90
257019,4096,12.35,219.00,-498.44,17.17
257044,4096,12.35,193.00,-497.99,17.95
257069,4096,12.35,208.00,-497.56,17.17
257094,4096,12.35,194.00,-497.13,17.22
257119,4096,12.35,197.00,-496.68,17.95
257144,4096,12.35,210.00,-496.25,17.22
257169,4096,12.35,211.00,-495.80,17.90
257194,4096,12.35,187.00,-495.37,17.17
257219,4096,12.35,188.00,-494.93,17.95
257244,4096,12.35,207.00,-494.50,17.22
257269,4096,12.35,198.00,-494.07,17.17
257294,4096,12.35,205.00,-493.62,17.95
257319,4096,12.35,194.00,-493.19,17.22
257344,4096,12.35,202.00,-492.74,17.90
257369,4096,12.35,202.00,-492.31,17.22
257394,4096,12.35,202.00,-491.88,17.17
257419,4096,12.35,203.00,-491.43,17.95
257444,4096,12.35,205.00,-491.00,17.17
257469,4096,12.35,185.00,-490.55,17.95
257494,4096,12.35,214.00,-490.12,17.17
257519,4096,12.35,208.00,-489.69,17.17
257544,4096,12.35,205.00,-489.25,17.90
257569,4096,12.35,182.00,-488.82,17.22
257594,4096,12.35,193.00,-488.37,17.90
257619,4096,12.35,205.00,-487.94,17.22
257644,4096,12.35,201.00,-487.49,17.90
257669,4096,12.35,195.00,-487.06,17.22
257694,4096,12.35,200.00,-486.63,17.17
257719,4096,12.35,205.00,-486.18,17.90
257744,4096,12.35,198.00,-485.75,17.22
257769,4096,12.35,203.00,-485.31,17.90
257794,4096,12.35,208.00,-484.88,17.17
257819,4012,12.35,206.00,-484.45,17.22
257844,4012,12.35,136.00,-484.00,17.84
257869,4012,12.35,174.00,-483.57,17.05
257894,4012,12.35,187.00,-483.13,17.67
257919,4012,12.35,190.00,-482.71,17.00
257944,4012,12.35,186.00,-482.27,17.62
257969,4012,12.35,197.00,-481.84,16.89
257994,4012,12.35,204.00,-481.42,16.89
258019,4012,12.35,205.00,-480.98,17.56
258044,4012,12.35,206.00,-480.56,16.89
258069,4012,12.35,212.00,-480.12,17.56
258094,4012,12.35,199.00,-479.70,16.83
258119,4012,12.35,215.00,-479.28,16.83
258144,4012,12.35,210.00,-478.84,17.56
258169,4012,12.35,203.00,-478.42,16.83
258194,4012,12.35,209.00,-477.98,17.50
258219,4012,12.35,218.00,-477.56,16.83
258244,4012,12.35,211.00,-477.14,16.83
258269,4012,12.35,214.00,-476.70,17.50
258294,4012,12.35,211.00,-476.28,16.83
258319,4012,12.35,182.00,-475.84,17.56
258344,4012,12.35,191.00,-475.42,16.83
258369,4012,12.35,188.00,-474.98,17.56
258394,4012,12.35,186.00,-474.56,16.83
258419,4012,12.35,201.00,-474.14,16.83
258444,4012,12.35,189.00,-473.70,17.56
258469,4012,12.35,190.00,-473.28,16.83
258494,4012,12.35,199.00,-472.84,17.56
258519,4012,12.35,198.00,-472.42,16.83
258544,4012,12.35,199.00,-472.00,16.83
258569,4012,12.35,206.00,-471.57,17.50
258594,4012,12.35,197.00,-471.14,16.83
258619,4012,12.35,190.00,-470.71,17.56
258644,4012,12.35,197.00,-470.29,16.83
258669,4012,12.35,185.00,-469.85,17.50
258694,4012,12.35,205.00,-469.43,16.83
258719,4012,12.35,208.00,-469.00,16.89
258744,4012,12.35,201.00,-468.57,17.56
258769,4012,12.35,199.00,-468.15,16.83
258794,4012,12.35,202.00,-467.71,17.56
258819,3779,12.35,193.00,-467.29,16.83
258844,3779,12.35,51.00,-466.87,16.72
258869,3779,12.35,77.00,-466.44,17.17
258894,3779,12.35,130.00,-466.03,16.27
258919,3779,12.35,133.00,-465.61,16.83
258944,3779,12.35,159.00,-465.21,16.04
258969,3779,12.35,165.00,-464.81,16.04
258994,3779,12.35,163.00,-464.39,16.55
259019,3779,12.35,200.00,-464.00,15.93
259044,3779,12.35,168.00,-463.58,16.55
259069,3779,12.35,175.00,-463.19,15.82
259094,3779,12.35,174.00,-462.77,16.55
259119,3779,12.35,192.00,-462.38,15.88
259144,3779,12.35,185.00,-461.98,15.82
259169,3779,12.35,193.00,-461.57,16.49
259194,3779,12.35,177.00,-461.17,15.82
259219,3779,12.35,163.00,-460.76,16.49
259244,3779,12.35,200.00,-460.37,15.82
259269,3779,12.35,176.00,-459.97,15.88
259294,3779,12.35,176.00,-459.56,16.44
259319,3779,12.35,193.00,-459.16,15.82
259344,3779,12.35,173.00,-458.75,16.49
259369,3779,12.35,179.00,-458.36,15.76
259394,3779,12.35,185.00,-457.94,16.44
259419,3779,12.35,198.00,-457.55,15.82
259444,3779,12.35,189.00,-457.15,15.82
259469,3779,12.35,178.00,-456.74,16.49
259494,3779,12.35,183.00,-456.35,15.82
259519,3779,12.35,184.00,-455.93,16.44
259544,3779,12.35,185.00,-455.54,15.82
259569,3779,12.35,200.00,-455.14,15.82
259594,3779,12.35,194.00,-454.73,16.49
259619,3779,12.35,170.00,-454.34,15.82
259644,3779,12.35,192.00,-453.93,16.44
259669,3779,12.35,197.00,-453.53,15.82
259694,3779,12.35,172.00,-453.12,16.49
259719,3779,12.35,199.00,-452.72,15.82
259744,3779,12.35,198.00,-452.33,15.76
259769,3779,12.35,191.00,-451.92,16.44
259794,3779,12.35,201.00,-451.52,15.82
259819,3402,12.35,204.00,-451.11,16.49
259844,3402,12.35,-4.00,-450.72,15.60
259869,3402,12.35,-11.00,-450.34,15.20
259894,3402,12.35,56.00,-449.95,15.43
259919,3402,12.35,134.00,-449.59,14.64
259944,3402,12.35,135.00,-449.21,15.09
259969,3402,12.35,154.00,-448.85,14.42
259994,3402,12.35,140.00,-448.49,14.36
260019,3402,12.35,146.00,-448.12,14.87
260044,3402,12.35,146.00,-447.76,14.25
260069,3402,12.35,179.00,-447.39,14.81
260094,3402,12.35,144.00,-447.04,14.19
260119,3402,12.35,157.00,-446.67,14.75
260144,3402,12.35,192.00,-446.31,14.19
260169,3402,12.35,209.00,-445.96,14.19
260194,3402,12.35,179.00,-445.59,14.75
260219,3402,12.35,198.00,-445.24,14.14
260244,3402,12.35,159.00,-444.87,14.75
260269,3402,12.35,152.00,-444.51,14.19
260294,3402,12.35,168.00,-444.16,14.14
260319,3402,12.35,205.00,-443.79,14.75
260344,3402,12.35,201.00,-443.44,14.19
260369,3402,12.35,161.00,-443.07,14.75
260394,3402,12.35,145.00,-442.71,14.14
260419,3402,12.35,163.00,-442.34,14.75
260444,3402,12.35,182.00,-441.99,14.19
260469,3402,12.35,163.00,-441.64,14.14
260494,3402,12.35,168.00,-441.27,14.75
260519,3402,12.35,156.00,-440.91,14.19
260544,3402,12.35,181.00,-440.54,14.75
260569,3402,12.35,164.00,-440.19,14.14
260594,3402,12.35,156.00,-439.84,14.14
260619,3402,12.35,181.00,-439.47,14.75
260644,3402,12.35,183.00,-439.11,14.14
260669,3402,12.35,158.00,-438.75,14.75
260694,3402,12.35,159.00,-438.39,14.14
260719,3402,12.35,184.00,-438.04,14.19
260744,3402,12.35,204.00,-437.67,14.75
260769,3402,12.35,201.00,-437.31,14.19
260794,3402,12.35,145.00,-436.95,14.75
260819,2895,12.35,152.00,-436.59,14.14
260844,2895,12.35,-53.00,-436.23,14.42
260869,2895,12.35,12.00,-435.90,13.35
260894,2895,12.35,-11.00,-435.57,13.07
260919,2895,12.35,28.00,-435.24,13.13
260944,2895,12.35,114.00,-434.93,12.34
260969,2895,12.35,110.00,-434.62,12.73
260994,2895,12.35,123.00,-434.31,12.17
261019,2895,12.35,140.00,-434.01,12.06
261044,2895,12.35,131.00,-433.70,12.57
261069,2895,12.35,148.00,-433.40,12.01
261094,2895,12.35,141.00,-433.08,12.51
261119,2895,12.35,168.00,-432.78,12.01
261144,2895,12.35,177.00,-432.47,12.51
261169,2895,12.35,173.00,-432.17,12.01
261194,2895,12.35,117.00,-431.87,11.95
261219,2895,12.35,147.00,-431.56,12.51
261244,2895,12.35,150.00,-431.26,12.01
261269,2895,12.35,153.00,-430.95,12.45
261294,2895,12.35,158.00,-430.65,12.01
261319,2895,12.35,141.00,-430.35,12.01
261344,2895,12.35,193.00,-430.03,12.45
261369,2895,12.35,163.00,-429.73,12.01
261394,2895,12.35,147.00,-429.42,12.51
261419,2895,12.35,126.00,-429.12,11.95
261444,2895,12.35,160.00,-428.82,12.01
261469,2895,12.35,158.00,-428.51,12.45
261494,2895,12.35,115.00,-428.21,12.01
261519,2895,12.35,167.00,-427.90,12.45
261544,2895,12.35,190.00,-427.60,12.01
261569,2895,12.35,150.00,-427.29,12.45
261594,2895,12.35,154.00,-426.99,11.95
261619,2895,12.35,180.00,-426.69,11.95
261644,2895,12.35,133.00,-426.38,12.51
261669,2895,12.35,139.00,-426.08,12.01
261694,2895,12.35,155.00,-425.77,12.45
261719,2895,12.35,189.00,-425.47,12.01
261744,2895,12.35,157.00,-425.17,11.95
261769,2895,12.35,149.00,-424.86,12.51
261794,2895,12.35,158.00,-424.56,12.01
261819,2276,12.35,174.00,-424.24,12.51
261844,2276,12.35,-41.00,-423.95,11.56
261869,2276,12.35,-18.00,-423.67,11.44
261894,2276,12.35,23.00,-423.40,10.60
261919,2276,12.35,9.00,-423.15,10.21
261944,2276,12.35,26.00,-422.89,10.27
261969,2276,12.35,124.00,-422.65,9.59
261994,2276,12.35,92.00,-422.40,9.87
262019,2276,12.35,91.00,-422.17,9.42
262044,2276,12.35,109.00,-421.93,9.37
262069,2276,12.35,127.00,-421.69,9.82
262094,2276,12.35,154.00,-421.46,9.31
262119,2276,12.35,148.00,-421.21,9.76
262144,2276,12.35,106.00,-420.98,9.31
262169,2276,12.35,169.00,-420.75,9.31
262194,2276,12.35,126.00,-420.50,9.76
262219,2276,12.35,108.00,-420.27,9.31
262244,2276,12.35,129.00,-420.03,9.71
262269,2276,12.35,151.00,-419.79,9.37
262294,2276,12.35,95.00,-419.55,9.71
262319,2276,12.35,125.00,-419.32,9.31
262344,2276,12.35,162.00,-419.08,9.37
262369,2276,12.35,110.00,-418.84,9.71
262394,2276,12.35,158.00,-418.61,9.37
262419,2276,12.35,124.00,-418.36,9.71
262444,2276,12.35,111.00,-418.13,9.37
262469,2276,12.35,141.00,-417.90,9.31
262494,2276,12.35,150.00,-417.65,9.76
262519,2276,12.35,122.00,-417.42,9.31
262544,2276,12.35,122.00,-417.18,9.76
262569,2276,12.35,150.00,-416.94,9.31
262594,2276,12.35,139.00,-416.70,9.76
262619,2276,12.35,99.00,-416.47,9.31
262644,2276,12.35,150.00,-416.23,9.37
262669,2276,12.35,135.00,-415.99,9.71
262694,2276,12.35,112.00,-415.75,9.37
262719,2276,12.35,117.00,-415.51,9.71
262744,2276,12.35,162.00,-415.28,9.31
262769,2276,12.35,136.00,-415.05,9.31
262794,2276,12.35,140.00,-414.80,9.71
262819,1566,12.35,102.00,-414.57,9.37
262844,1566,12.35,-93.00,-414.34,9.14
262869,1566,12.35,-5.00,-414.14,8.02
262894,1566,12.35,17.00,-413.94,7.91
262919,1566,12.35,27.00,-413.76,7.18
262944,1566,12.35,42.00,-413.59,6.84
262969,1566,12.35,63.00,-413.42,6.84
262994,1566,12.35,80.00,-413.26,6.51
263019,1566,12.35,67.00,-413.09,6.68
263044,1566,12.35,93.00,-412.93,6.34
263069,1566,12.35,98.00,-412.78,6.28
263094,1566,12.35,95.00,-412.61,6.62
263119,1566,12.35,79.00,-412.45,6.34
263144,1566,12.35,97.00,-412.29,6.56
263169,1566,12.35,98.00,-412.13,6.34
263194,1566,12.35,92.00,-411.97,6.28
263219,1566,12.35,116.00,-411.81,6.56
263244,1566,12.35,72.00,-411.65,6.34
263269,1566,12.35,103.00,-411.49,6.56
263294,1566,12.35,102.00,-411.33,6.34
263319,1566,12.35,93.00,-411.16,6.56
263344,1566,12.35,104.00,-411.01,6.28
263369,1566,12.35,101.00,-410.85,6.34
263394,1566,12.35,92.00,-410.68,6.56
263419,1566,12.35,113.00,-410.53,6.28
263444,1566,12.35,79.00,-410.36,6.56
263469,1566,12.35,113.00,-410.20,6.34
263494,1566,12.35,85.00,-410.05,6.28
263519,1566,12.35,97.00,-409.88,6.56
263544,1566,12.35,95.00,-409.72,6.34
263569,1566,12.35,84.00,-409.56,6.56
263594,1566,12.35,99.00,-409.40,6.28
263619,1566,12.35,84.00,-409.24,6.56
263644,1566,12.35,104.00,-409.08,6.28
263669,1566,12.35,96.00,-408.92,6.34
263694,1566,12.35,105.00,-408.76,6.51
263719,1566,12.35,103.00,-408.60,6.34
263744,1566,12.35,112.00,-408.44,6.51
263769,1566,12.35,105.00,-408.28,6.34
263794,1566,12.35,97.00,-408.12,6.28
263819,793,12.35,110.00,-407.96,6.56
263844,793,12.35,-76.00,-407.82,5.67
263869,793,12.35,-24.00,-407.70,4.88
263894,793,12.35,10.00,-407.60,4.04
263919,793,12.35,19.00,-407.50,3.70
263944,793,12.35,29.00,-407.41,3.53
263969,793,12.35,39.00,-407.33,3.20
263994,793,12.35,40.00,-407.25,3.25
264019,793,12.35,43.00,-407.18,3.09
264044,793,12.35,50.00,-407.10,3.20
264069,793,12.35,47.00,-407.02,3.03
264094,793,12.35,49.00,-406.94,3.03
264119,793,12.35,59.00,-406.87,3.14
264144,793,12.35,57.00,-406.79,3.03
264169,793,12.35,54.00,-406.71,3.20
264194,793,12.35,48.00,-406.63,3.03
264219,793,12.35,55.00,-406.56,3.03
264244,793,12.35,50.00,-406.48,3.14
264269,793,12.35,54.00,-406.40,3.03
264294,793,12.35,56.00,-406.33,3.14
264319,793,12.35,56.00,-406.25,3.03
264344,793,12.35,53.00,-406.17,3.14
264369,793,12.35,50.00,-406.10,3.03
264394,793,12.35,54.00,-406.02,3.03
264419,793,12.35,57.00,-405.94,3.20
264444,793,12.35,51.00,-405.86,3.03
264469,793,12.35,54.00,-405.79,3.14
264494,793,12.35,54.00,-405.71,3.03
264519,793,12.35,53.00,-405.63,3.03
264544,793,12.35,54.00,-405.56,3.14
264569,793,12.35,54.00,-405.48,3.03
264594,793,12.35,50.00,-405.40,3.14
264619,793,12.35,55.00,-405.32,3.09
264644,793,12.35,51.00,-405.25,3.03
264669,793,12.35,58.00,-405.17,3.14
264694,793,12.35,52.00,-405.09,3.03
264719,793,12.35,57.00,-405.02,3.14
264744,793,12.35,50.00,-404.94,3.03
264769,793,12.35,54.00,-404.86,3.14
264794,793,12.35,46.00,-404.79,3.03
264819,-14,12.35,54.00,-404.71,3.03
264844,-14,12.35,14.00,-404.65,2.24
264869,-14,12.35,13.00,-404.63,1.01
264894,-14,12.35,13.00,-404.62,0.50
264919,-14,12.35,12.00,-404.61,0.06
264944,-14,12.35,12.00,-404.61,0.00
264969,-14,12.35,12.00,-404.61,0.00
264994,-14,12.35,12.00,-404.61,0.00
265019,-14,12.35,12.00,-404.61,0.00
265044,-14,12.35,11.00,-404.61,0.00
265069,-14,12.35,13.00,-404.61,0.00
265094,-14,12.35,12.00,-404.61,0.00
265119,-14,12.35,12.00,-404.61,0.00
265144,-14,12.35,12.00,-404.61,0.00
265169,-14,12.35,11.00,-404.61,0.00
265194,-14,12.35,11.00,-404.61,0.00
265219,-14,12.35,12.00,-404.61,0.00
265244,-14,12.35,12.00,-404.61,0.00
265269,-14,12.35,12.00,-404.61,0.00
265294,-14,12.35,11.00,-404.61,0.00
265319,-14,12.35,12.00,-404.61,0.00
265344,-14,12.35,12.00,-404.61,0.00
265369,-14,12.35,12.00,-404.61,0.00
265394,-14,12.35,13.00,-404.61,0.00
265419,-14,12.35,13.00,-404.61,0.00
265444,-14,12.35,13.00,-404.61,0.00
265469,-14,12.35,12.00,-404.61,0.00
265494,-14,12.35,12.00,-404.61,0.00
265519,-14,12.35,12.00,-404.61,0.00
265544,-14,12.35,12.00,-404.61,0.00
265569,-14,12.35,12.00,-404.61,0.00
265594,-14,12.35,12.00,-404.61,0.00
265619,-14,12.35,13.00,-404.61,0.00
265644,-14,12.35,11.00,-404.61,0.00
265669,-14,12.35,11.00,-404.61,0.00
265694,-14,12.35,11.00,-404.61,0.00
265719,-14,12.35,12.00,-404.61,0.00
265744,-14,12.35,11.00,-404.61,0.00
265769,-14,12.35,12.00,-404.61,0.00
265794,-14,12.35,12.00,-404.61,0.00
265819,-824,12.35,11.00,-404.61,0.00
265844,-824,12.35,174.00,-404.63,-0.73
265869,-824,12.35,131.00,-404.68,-1.85
265894,-824,12.35,87.00,-404.74,-2.36
265919,-824,12.35,79.00,-404.81,-2.75
265944,-824,12.35,55.00,-404.88,-2.86
265969,-824,12.35,65.00,-404.95,-2.92
265994,-824,12.35,51.00,-405.03,-3.14
266019,-824,12.35,56.00,-405.11,-3.03
266044,-824,12.35,51.00,-405.19,-3.25
266069,-824,12.35,50.00,-405.26,-3.03
266094,-824,12.35,47.00,-405.34,-3.25
266119,-824,12.35,57.00,-405.42,-3.09
266144,-824,12.35,48.00,-405.50,-3.09
266169,-824,12.35,59.00,-405.58,-3.25
266194,-824,12.35,52.00,-405.66,-3.09
266219,-824,12.35,46.00,-405.74,-3.25
266244,-824,12.35,51.00,-405.82,-3.09
266269,-824,12.35,49.00,-405.89,-3.14
266294,-824,12.35,50.00,-405.97,-3.20
266319,-824,12.35,52.00,-406.05,-3.14
266344,-824,12.35,52.00,-406.13,-3.25
266369,-824,12.35,48.00,-406.21,-3.09
266394,-824,12.35,41.00,-406.29,-3.14
266419,-824,12.35,57.00,-406.37,-3.25
266444,-824,12.35,57.00,-406.45,-3.09
266469,-824,12.35,52.00,-406.53,-3.25
266494,-824,12.35,52.00,-406.61,-3.14
266519,-824,12.35,48.00,-406.69,-3.20
266544,-824,12.35,53.00,-406.77,-3.14
266569,-824,12.35,44.00,-406.84,-3.09
266594,-824,12.35,59.00,-406.92,-3.25
266619,-824,12.35,49.00,-407.00,-3.14
266644,-824,12.35,52.00,-407.08,-3.25
266669,-824,12.35,52.00,-407.16,-3.09
266694,-824,12.35,42.00,-407.24,-3.14
266719,-824,12.35,50.00,-407.32,-3.20
266744,-824,12.35,47.00,-407.40,-3.14
266769,-824,12.35,53.00,-407.48,-3.25
266794,-824,12.35,49.00,-407.56,-3.09
266819,-1605,12.35,71.00,-407.64,-3.25
266844,-1605,12.35,324.00,-407.73,-3.81
266869,-1605,12.35,224.00,-407.85,-4.77
266894,-1605,12.35,170.00,-407.99,-5.61
266919,-1605,12.35,152.00,-408.14,-5.78
266944,-1605,12.35,122.00,-408.29,-6.17
266969,-1605,12.35,117.00,-408.44,-6.11
266994,-1605,12.35,112.00,-408.60,-6.23
267019,-1605,12.35,109.00,-408.76,-6.51
267044,-1605,12.35,94.00,-408.92,-6.28
267069,-1605,12.35,95.00,-409.08,-6.56
267094,-1605,12.35,105.00,-409.24,-6.34
267119,-1605,12.35,87.00,-409.40,-6.28
267144,-1605,12.35,117.00,-409.57,-6.62
267169,-1605,12.35,78.00,-409.72,-6.34
267194,-1605,12.35,80.00,-409.89,-6.62
267219,-1605,12.35,105.00,-410.05,-6.28
267244,-1605,12.35,99.00,-410.21,-6.62
267269,-1605,12.35,96.00,-410.37,-6.34
267294,-1605,12.35,106.00,-410.53,-6.40
267319,-1605,12.35,82.00,-410.70,-6.62
267344,-1605,12.35,104.00,-410.85,-6.34
267369,-1605,12.35,92.00,-411.02,-6.56
267394,-1605,12.35,116.00,-411.18,-6.34
267419,-1605,12.35,83.00,-411.34,-6.34
267444,-1605,12.35,105.00,-411.50,-6.56
267469,-1605,12.35,99.00,-411.66,-6.34
267494,-1605,12.35,118.00,-411.82,-6.62
267519,-1605,12.35,82.00,-411.98,-6.28
267544,-1605,12.35,95.00,-412.14,-6.56
267569,-1605,12.35,112.00,-412.30,-6.34
267594,-1605,12.35,82.00,-412.46,-6.40
267619,-1605,12.35,98.00,-412.63,-6.56
267644,-1605,12.35,102.00,-412.79,-6.34
267669,-1605,12.35,120.00,-412.95,-6.62
267694,-1605,12.35,86.00,-413.11,-6.34
267719,-1605,12.35,92.00,-413.27,-6.34
267744,-1605,12.35,93.00,-413.43,-6.56
267769,-1605,12.35,108.00,-413.59,-6.34
267794,-1605,12.35,84.00,-413.76,-6.62
267819,-2324,12.35,91.00,-413.91,-6.34
267844,-2324,12.35,463.00,-414.09,-6.90
267869,-2324,12.35,354.00,-414.29,-8.02
267894,-2324,12.35,270.00,-414.49,-8.25
267919,-2324,12.35,195.00,-414.72,-8.98
267944,-2324,12.35,173.00,-414.94,-8.86
267969,-2324,12.35,153.00,-415.17,-9.37
267994,-2324,12.35,148.00,-415.40,-9.09
268019,-2324,12.35,141.00,-415.63,-9.14
268044,-2324,12.35,152.00,-415.87,-9.59
268069,-2324,12.35,111.00,-416.10,-9.26
268094,-2324,12.35,131.00,-416.34,-9.65
268119,-2324,12.35,115.00,-416.58,-9.31
268144,-2324,12.35,132.00,-416.81,-9.26
268169,-2324,12.35,102.00,-417.05,-9.71
268194,-2324,12.35,121.00,-417.28,-9.31
268219,-2324,12.35,119.00,-417.52,-9.71
268244,-2324,12.35,115.00,-417.76,-9.26
268269,-2324,12.35,148.00,-418.00,-9.71
268294,-2324,12.35,152.00,-418.23,-9.31
268319,-2324,12.35,153.00,-418.46,-9.26
268344,-2324,12.35,154.00,-418.71,-9.71
268369,-2324,12.35,128.00,-418.94,-9.31
268394,-2324,12.35,136.00,-419.18,-9.71
268419,-2324,12.35,138.00,-419.41,-9.31
268444,-2324,12.35,124.00,-419.65,-9.31
268469,-2324,12.35,154.00,-419.89,-9.71
268494,-2324,12.35,114.00,-420.12,-9.31
268519,-2324,12.35,158.00,-420.36,-9.71
268544,-2324,12.35,129.00,-420.60,-9.31
268569,-2324,12.35,123.00,-420.83,-9.31
268594,-2324,12.35,116.00,-421.07,-9.76
268619,-2324,12.35,124.00,-421.31,-9.31
268644,-2324,12.35,129.00,-421.55,-9.71
268669,-2324,12.35,123.00,-421.78,-9.31
268694,-2324,12.35,131.00,-422.03,-9.71
268719,-2324,12.35,139.00,-422.26,-9.31
268744,-2324,12.35,109.00,-422.49,-9.31
268769,-2324,12.35,133.00,-422.73,-9.71
268794,-2324,12.35,123.00,-422.97,-9.31
268819,-2952,12.35,126.00,-423.21,-9.71
268844,-2952,12.35,470.00,-423.45,-9.71
268869,-2952,12.35,397.00,-423.71,-10.43
268894,-2952,12.35,268.00,-424.00,-11.33
268919,-2952,12.35,210.00,-424.27,-11.16
268944,-2952,12.35,242.00,-424.57,-11.78
268969,-2952,12.35,222.00,-424.86,-11.56
268994,-2952,12.35,221.00,-425.16,-12.12
269019,-2952,12.35,185.00,-425.45,-11.72
269044,-2952,12.35,165.00,-425.75,-11.78
269069,-2952,12.35,173.00,-426.06,-12.29
269094,-2952,12.35,139.00,-426.35,-11.84
269119,-2952,12.35,120.00,-426.66,-12.34
269144,-2952,12.35,169.00,-426.96,-11.89
269169,-2952,12.35,145.00,-427.26,-11.89
269194,-2952,12.35,175.00,-427.56,-12.34
269219,-2952,12.35,152.00,-427.86,-11.89
269244,-2952,12.35,144.00,-428.17,-12.45
269269,-2952,12.35,160.00,-428.47,-11.84
269294,-2952,12.35,110.00,-428.78,-12.40
269319,-2952,12.35,152.00,-429.08,-11.89
269344,-2952,12.35,120.00,-429.37,-11.89
269369,-2952,12.35,144.00,-429.68,-12.40
269394,-2952,12.35,172.00,-429.98,-11.89
269419,-2952,12.35,130.00,-430.29,-12.34
269444,-2952,12.35,192.00,-430.59,-11.89
269469,-2952,12.35,134.00,-430.88,-11.89
269494,-2952,12.35,145.00,-431.19,-12.40
269519,-2952,12.35,154.00,-431.49,-11.84
269544,-2952,12.35,121.00,-431.80,-12.40
269569,-2952,12.35,162.00,-432.10,-11.89
269594,-2952,12.35,133.00,-432.39,-11.89
269619,-2952,12.35,188.00,-432.70,-12.40
269644,-2952,12.35,134.00,-433.00,-11.95
269669,-2952,12.35,183.00,-433.31,-12.34
269694,-2952,12.35,126.00,-433.61,-11.95
269719,-2952,12.35,155.00,-433.92,-12.40
269744,-2952,12.35,150.00,-434.22,-11.89
269769,-2952,12.35,165.00,-434.52,-11.95
269794,-2952,12.35,144.00,-434.83,-12.40
269819,-3462,12.35,151.00,-435.12,-11.89
269844,-3462,12.35,441.00,-435.44,-12.79
269869,-3462,12.35,369.00,-435.76,-12.79
269894,-3462,12.35,288.00,-436.09,-13.13
269919,-3462,12.35,281.00,-436.44,-13.97
269944,-3462,12.35,204.00,-436.78,-13.58
269969,-3462,12.35,211.00,-437.14,-14.31
269994,-3462,12.35,195.00,-437.48,-13.74
270019,-3462,12.35,182.00,-437.84,-14.47
270044,-3462,12.35,195.00,-438.19,-13.91
270069,-3462,12.35,163.00,-438.54,-13.97
270094,-3462,12.35,178.00,-438.90,-14.53
270119,-3462,12.35,175.00,-439.25,-13.97
270144,-3462,12.35,182.00,-439.62,-14.59
270169,-3462,12.35,163.00,-439.97,-14.02
270194,-3462,12.35,144.00,-440.32,-13.97
270219,-3462,12.35,166.00,-440.68,-14.64
270244,-3462,12.35,164.00,-441.03,-13.97
270269,-3462,12.35,136.00,-441.40,-14.59
270294,-3462,12.35,177.00,-441.75,-14.02
270319,-3462,12.35,170.00,-442.10,-14.02
270344,-3462,12.35,163.00,-442.46,-14.59
270369,-3462,12.35,159.00,-442.81,-14.02
270394,-3462,12.35,177.00,-443.18,-14.53
270419,-3462,12.35,167.00,-443.53,-14.02
270444,-3462,12.35,151.00,-443.89,-14.53
270469,-3462,12.35,148.00,-444.24,-14.02
270494,-3462,12.35,149.00,-444.59,-14.02
270519,-3462,12.35,156.00,-444.96,-14.59
270544,-3462,12.35,160.00,-445.31,-14.02
270569,-3462,12.35,164.00,-445.67,-14.59
270594,-3462,12.35,184.00,-446.02,-14.02
270619,-3462,12.35,176.00,-446.37,-14.02
270644,-3462,12.35,141.00,-446.74,-14.59
270669,-3462,12.35,147.00,-447.09,-14.02
270694,-3462,12.35,165.00,-447.45,-14.59
270719,-3462,12.35,163.00,-447.80,-14.02
270744,-3462,12.35,147.00,-448.17,-14.59
270769,-3462,12.35,169.00,-448.52,-14.02
270794,-3462,12.35,166.00,-448.87,-13.97
270819,-3832,12.35,148.00,-449.23,-14.59
270844,-3832,12.35,404.00,-449.59,-14.19
270869,-3832,12.35,325.00,-449.97,-15.20
270894,-3832,12.35,278.00,-450.34,-14.87
270919,-3832,12.35,258.00,-450.71,-15.03
270944,-3832,12.35,227.00,-451.11,-15.76
270969,-3832,12.35,213.00,-451.49,-15.26
270994,-3832,12.35,209.00,-451.89,-15.99
271019,-3832,12.35,193.00,-452.28,-15.43
271044,-3832,12.35,191.00,-452.66,-15.43
271069,-3832,12.35,186.00,-453.06,-16.10
271094,-3832,12.35,166.00,-453.45,-15.43
271119,-3832,12.35,177.00,-453.85,-16.16
271144,-3832,12.35,169.00,-454.24,-15.48
271169,-3832,12.35,193.00,-454.64,-16.16
271194,-3832,12.35,170.00,-455.03,-15.48
271219,-3832,12.35,178.00,-455.42,-15.48
271244,-3832,12.35,174.00,-455.82,-16.16
271269,-3832,12.35,181.00,-456.21,-15.48
271294,-3832,12.35,193.00,-456.61,-16.10
271319,-3832,12.35,182.00,-457.00,-15.54
271344,-3832,12.35,179.00,-457.39,-15.48
271369,-3832,12.35,173.00,-457.79,-16.16
271394,-3832,12.35,165.00,-458.18,-15.54
271419,-3832,12.35,173.00,-458.58,-16.16
271444,-3832,12.35,177.00,-458.97,-15.48
271469,-3832,12.35,187.00,-459.38,-16.21
271494,-3832,12.35,156.00,-459.76,-15.48
271519,-3832,12.35,167.00,-460.15,-15.54
271544,-3832,12.35,182.00,-460.56,-16.16
271569,-3832,12.35,177.00,-460.94,-15.48
271594,-3832,12.35,175.00,-461.35,-16.16
271619,-3832,12.35,173.00,-461.74,-15.54
271644,-3832,12.35,183.00,-462.12,-15.48
271669,-3832,12.35,158.00,-462.53,-16.16
271694,-3832,12.35,177.00,-462.91,-15.48
271719,-3832,12.35,175.00,-463.32,-16.16
271744,-3832,12.35,178.00,-463.70,-15.48
271769,-3832,12.35,185.00,-464.09,-15.54
271794,-3832,12.35,173.00,-464.50,-16.16
271819,-4046,12.35,183.00,-464.88,-15.48
271844,-4046,12.35,319.00,-465.29,-16.33
271869,-4046,12.35,264.00,-465.69,-15.88
271894,-4046,12.35,255.00,-466.10,-16.61
271919,-4046,12.35,224.00,-466.51,-16.16
271944,-4046,12.35,211.00,-466.91,-16.16
271969,-4046,12.35,201.00,-467.33,-16.89
271994,-4046,12.35,186.00,-467.74,-16.27
272019,-4046,12.35,193.00,-468.17,-17.00
272044,-4046,12.35,186.00,-468.57,-16.27
272069,-4046,12.35,192.00,-468.98,-16.33
272094,-4046,12.35,191.00,-469.41,-17.00
272119,-4046,12.35,183.00,-469.82,-16.38
272144,-4046,12.35,180.00,-470.24,-17.00
272169,-4046,12.35,173.00,-470.65,-16.38
272194,-4046,12.35,189.00,-471.08,-17.05
272219,-4046,12.35,190.00,-471.48,-16.33
272244,-4046,12.35,185.00,-471.89,-16.38
272269,-4046,12.35,192.00,-472.32,-17.05
272294,-4046,12.35,170.00,-472.73,-16.38
272319,-4046,12.35,189.00,-473.16,-17.05
272344,-4046,12.35,194.00,-473.56,-16.33
272369,-4046,12.35,189.00,-473.97,-16.38
272394,-4046,12.35,177.00,-474.40,-17.05
272419,-4046,12.35,181.00,-474.81,-16.33
272444,-4046,12.35,180.00,-475.23,-17.00
272469,-4046,12.35,189.00,-475.64,-16.38
272494,-4046,12.35,186.00,-476.07,-17.00
272519,-4046,12.35,176.00,-476.48,-16.38
272544,-4046,12.35,176.00,-476.89,-16.38
272569,-4046,12.35,176.00,-477.31,-17.05
272594,-4046,12.35,186.00,-477.72,-16.38
272619,-4046,12.35,189.00,-478.15,-17.05
272644,-4046,12.35,174.00,-478.56,-16.33
272669,-4046,12.35,186.00,-478.97,-16.38
272694,-4046,12.35,195.00,-479.39,-17.05
272719,-4046,12.35,196.00,-479.80,-16.38
272744,-4046,12.35,187.00,-480.23,-17.00
272769,-4046,12.35,176.00,-480.64,-16.38
272794,-4046,12.35,172.00,-481.05,-16.38
272819,-4091,12.35,189.00,-481.47,-17.00
272844,-4091,12.35,218.00,-481.88,-16.38
272869,-4091,12.35,190.00,-482.31,-17.11
272894,-4091,12.35,197.00,-482.72,-16.44
272919,-4091,12.35,206.00,-483.15,-17.22
272944,-4091,12.35,179.00,-483.56,-16.49
272969,-4091,12.35,207.00,-483.97,-16.49
272994,-4091,12.35,184.00,-484.41,-17.22
273019,-4091,12.35,189.00,-484.82,-16.55
273044,-4091,12.35,187.00,-485.25,-17.22
273069,-4091,12.35,195.00,-485.66,-16.55
273094,-4091,12.35,179.00,-486.08,-16.55
273119,-4091,12.35,199.00,-486.51,-17.22
273144,-4091,12.35,183.00,-486.92,-16.49
273169,-4091,12.35,194.00,-487.35,-17.22
273194,-4091,12.35,169.00,-487.76,-16.55
273219,-4091,12.35,199.00,-488.20,-17.22
273244,-4091,12.35,192.00,-488.61,-16.55
273269,-4091,12.35,195.00,-489.02,-16.55
273294,-4091,12.35,175.00,-489.45,-17.22
273319,-4091,12.35,184.00,-489.87,-16.55
273344,-4091,12.35,183.00,-490.30,-17.28
273369,-4091,12.35,194.00,-490.71,-16.55
273394,-4091,12.35,181.00,-491.13,-16.55
273419,-4091,12.35,193.00,-491.56,-17.22
273444,-4091,12.35,182.00,-491.97,-16.55
273469,-4091,12.35,169.00,-492.40,-17.28
273494,-4091,12.35,189.00,-492.82,-16.55
273519,-4091,12.35,197.00,-493.23,-16.55
273544,-4091,12.35,196.00,-493.66,-17.28
273569,-4091,12.35,184.00,-494.07,-16.49
273594,-4091,12.35,185.00,-494.51,-17.28
273619,-4091,12.35,183.00,-494.92,-16.55
273644,-4091,12.35,189.00,-495.35,-17.22
273669,-4091,12.35,174.00,-495.77,-16.61
273694,-4091,12.35,195.00,-496.18,-16.55
273719,-4091,12.35,175.00,-496.61,-17.22
273744,-4091,12.35,185.00,-497.02,-16.55
273769,-4091,12.35,176.00,-497.46,-17.28
273794,-4091,12.35,188.00,-497.87,-16.55
273819,-3966,12.35,170.00,-498.28,-16.55
273844,-3966,12.35,114.00,-498.71,-17.17
273869,-3966,12.35,122.00,-499.12,-16.38
273894,-3966,12.35,136.00,-499.54,-16.89
273919,-3966,12.35,149.00,-499.95,-16.21
273944,-3966,12.35,162.00,-500.37,-16.83
273969,-3966,12.35,174.00,-500.77,-16.16
273994,-3966,12.35,185.00,-501.18,-16.04
274019,-3966,12.35,174.00,-501.59,-16.77
274044,-3966,12.35,182.00,-502.00,-16.10
274069,-3966,12.35,184.00,-502.42,-16.72
274094,-3966,12.35,172.00,-502.82,-16.04
274119,-3966,12.35,171.00,-503.22,-16.10
274144,-3966,12.35,170.00,-503.64,-16.72
274169,-3966,12.35,170.00,-504.04,-16.04
274194,-3966,12.35,169.00,-504.46,-16.77
274219,-3966,12.35,181.00,-504.86,-16.04
274244,-3966,12.35,191.00,-505.26,-16.04
274269,-3966,12.35,174.00,-505.68,-16.72
274294,-3966,12.35,191.00,-506.08,-16.04
274319,-3966,12.35,187.00,-506.49,-16.66
274344,-3966,12.35,175.00,-506.90,-16.04
274369,-3966,12.35,177.00,-507.31,-16.72
274394,-3966,12.35,180.00,-507.72,-16.04
274419,-3966,12.35,169.00,-508.12,-16.04
274444,-3966,12.35,184.00,-508.53,-16.72
274469,-3966,12.35,188.00,-508.94,-16.10
274494,-3966,12.35,169.00,-509.35,-16.72
274519,-3966,12.35,180.00,-509.76,-16.04
274544,-3966,12.35,185.00,-510.16,-16.04
274569,-3966,12.35,175.00,-510.57,-16.72
274594,-3966,12.35,173.00,-510.98,-16.10
274619,-3966,12.35,182.00,-511.40,-16.72
274644,-3966,12.35,173.00,-511.79,-15.99
274669,-3966,12.35,182.00,-512.21,-16.77
274694,-3966,12.35,190.00,-512.61,-15.99
274719,-3966,12.35,185.00,-513.02,-16.04
274744,-3966,12.35,182.00,-513.43,-16.72
274769,-3966,12.35,180.00,-513.83,-16.04
274794,-3966,12.35,181.00,-514.25,-16.72
274819,-3672,12.35,162.00,-514.65,-16.04
274844,-3672,12.35,-9.00,-515.05,-15.93
274869,-3672,12.35,46.00,-515.46,-16.21
274894,-3672,12.35,60.00,-515.84,-15.43
274919,-3672,12.35,124.00,-516.24,-15.82
274944,-3672,12.35,111.00,-516.62,-15.15
274969,-3672,12.35,153.00,-516.99,-15.03
274994,-3672,12.35,158.00,-517.38,-15.60
275019,-3672,12.35,135.00,-517.76,-14.98
275044,-3672,12.35,140.00,-518.15,-15.54
275069,-3672,12.35,154.00,-518.52,-14.87
275094,-3672,12.35,184.00,-518.90,-15.43
275119,-3672,12.35,178.00,-519.27,-14.81
275144,-3672,12.35,176.00,-519.64,-14.87
275169,-3672,12.35,158.00,-520.03,-15.54
275194,-3672,12.35,175.00,-520.40,-14.87
275219,-3672,12.35,182.00,-520.79,-15.54
275244,-3672,12.35,169.00,-521.17,-14.92
275269,-3672,12.35,154.00,-521.54,-14.87
275294,-3672,12.35,149.00,-521.93,-15.54
275319,-3672,12.35,160.00,-522.30,-14.81
275344,-3672,12.35,177.00,-522.68,-15.48
275369,-3672,12.35,177.00,-523.06,-14.92
275394,-3672,12.35,177.00,-523.44,-15.48
275419,-3672,12.35,173.00,-523.82,-14.87
275444,-3672,12.35,164.00,-524.19,-14.87
275469,-3672,12.35,160.00,-524.58,-15.54
275494,-3672,12.35,163.00,-524.95,-14.87
275519,-3672,12.35,177.00,-525.33,-15.48
275544,-3672,12.35,179.00,-525.71,-14.87
275569,-3672,12.35,171.00,-526.08,-14.92
275594,-3672,12.35,167.00,-526.47,-15.48
275619,-3672,12.35,168.00,-526.84,-14.92
275644,-3672,12.35,158.00,-527.23,-15.48
275669,-3672,12.35,174.00,-527.60,-14.87
275694,-3672,12.35,167.00,-527.99,-15.48
275719,-3672,12.35,172.00,-528.36,-14.87
275744,-3672,12.35,175.00,-528.73,-14.92
275769,-3672,12.35,171.00,-529.12,-15.48
275794,-3672,12.35,158.00,-529.49,-14.87
275819,-3221,12.35,153.00,-529.88,-15.48
275844,-3221,12.35,-30.00,-530.24,-14.64
275869,-3221,12.35,-16.00,-530.60,-14.19
275894,-3221,12.35,18.00,-530.96,-14.47
275919,-3221,12.35,14.00,-531.30,-13.58
275944,-3221,12.35,112.00,-531.65,-13.91
275969,-3221,12.35,123.00,-531.98,-13.24
275994,-3221,12.35,149.00,-532.30,-13.13
276019,-3221,12.35,139.00,-532.65,-13.69
276044,-3221,12.35,148.00,-532.98,-13.13
276069,-3221,12.35,116.00,-533.32,-13.63
276094,-3221,12.35,126.00,-533.64,-13.07
276119,-3221,12.35,158.00,-533.98,-13.58
276144,-3221,12.35,158.00,-534.31,-13.02
276169,-3221,12.35,149.00,-534.63,-13.07
276194,-3221,12.35,147.00,-534.97,-13.52
276219,-3221,12.35,150.00,-535.30,-13.07
276244,-3221,12.35,145.00,-535.64,-13.52
276269,-3221,12.35,144.00,-535.96,-13.07
276294,-3221,12.35,142.00,-536.29,-13.02
276319,-3221,12.35,131.00,-536.63,-13.52
276344,-3221,12.35,138.00,-536.95,-13.02
276369,-3221,12.35,171.00,-537.29,-13.58
276394,-3221,12.35,149.00,-537.62,-12.96
276419,-3221,12.35,156.00,-537.96,-13.58
276444,-3221,12.35,154.00,-538.28,-13.02
276469,-3221,12.35,167.00,-538.61,-13.02
276494,-3221,12.35,153.00,-538.95,-13.58
276519,-3221,12.35,164.00,-539.27,-13.02
276544,-3221,12.35,155.00,-539.61,-13.58
276569,-3221,12.35,160.00,-539.94,-13.02
276594,-3221,12.35,165.00,-540.26,-13.07
276619,-3221,12.35,136.00,-540.60,-13.58
276644,-3221,12.35,163.00,-540.93,-13.02
276669,-3221,12.35,152.00,-541.27,-13.58
276694,-3221,12.35,149.00,-541.59,-13.02
276719,-3221,12.35,171.00,-541.92,-13.07
276744,-3221,12.35,170.00,-542.26,-13.58
276769,-3221,12.35,150.00,-542.58,-13.02
276794,-3221,12.35,144.00,-542.92,-13.58
276819,-2629,12.35,144.00,-543.25,-13.02
276844,-2629,12.35,-51.00,-543.58,-13.18
276869,-2629,12.35,30.00,-543.88,-12.12
276894,-2629,12.35,26.00,-544.17,-11.72
276919,-2629,12.35,-19.00,-544.47,-11.95
276944,-2629,12.35,32.00,-544.75,-11.05
276969,-2629,12.35,105.00,-545.03,-11.28
276994,-2629,12.35,143.00,-545.30,-10.72
277019,-2629,12.35,89.00,-545.57,-10.72
277044,-2629,12.35,138.00,-545.84,-11.11
277069,-2629,12.35,146.00,-546.11,-10.66
277094,-2629,12.35,85.00,-546.39,-11.05
277119,-2629,12.35,102.00,-546.65,-10.66
277144,-2629,12.35,142.00,-546.93,-11.05
277169,-2629,12.35,105.00,-547.20,-10.60
277194,-2629,12.35,97.00,-547.46,-10.55
277219,-2629,12.35,105.00,-547.74,-11.05
277244,-2629,12.35,117.00,-548.00,-10.60
277269,-2629,12.35,132.00,-548.28,-11.00
277294,-2629,12.35,140.00,-548.54,-10.60
277319,-2629,12.35,155.00,-548.81,-10.60
277344,-2629,12.35,172.00,-549.08,-11.00
277369,-2629,12.35,169.00,-549.34,-10.55
277394,-2629,12.35,158.00,-549.62,-11.00
277419,-2629,12.35,158.00,-549.88,-10.60
277444,-2629,12.35,173.00,-550.15,-10.55
277469,-2629,12.35,168.00,-550.42,-11.00
277494,-2629,12.35,151.00,-550.69,-10.60
277519,-2629,12.35,109.00,-550.96,-11.00
277544,-2629,12.35,119.00,-551.23,-10.60
277569,-2629,12.35,146.00,-551.50,-11.00
277594,-2629,12.35,150.00,-551.77,-10.60
277619,-2629,12.35,169.00,-552.03,-10.60
277644,-2629,12.35,156.00,-552.31,-11.00
277669,-2629,12.35,149.00,-552.57,-10.60
277694,-2629,12.35,135.00,-552.85,-11.05
277719,-2629,12.35,121.00,-553.11,-10.60
277744,-2629,12.35,131.00,-553.38,-10.60
277769,-2629,12.35,138.00,-553.66,-11.05
277794,-2629,12.35,165.00,-553.92,-10.60
277819,-1922,12.35,183.00,-554.20,-11.00
277844,-1922,12.35,-107.00,-554.45,-10.15
277869,-1922,12.35,7.00,-554.69,-9.82
277894,-1922,12.35,14.00,-554.92,-8.98
277919,-1922,12.35,26.00,-555.13,-8.64
277944,-1922,12.35,16.00,-555.35,-8.70
277969,-1922,12.35,50.00,-555.55,-8.02
277994,-1922,12.35,75.00,-555.76,-8.13
278019,-1922,12.35,89.00,-555.95,-7.80
278044,-1922,12.35,106.00,-556.14,-7.74
278069,-1922,12.35,112.00,-556.35,-8.02
278094,-1922,12.35,113.00,-556.54,-7.63
278119,-1922,12.35,111.00,-556.74,-7.97
278144,-1922,12.35,110.00,-556.93,-7.69
278169,-1922,12.35,93.00,-557.12,-7.63
278194,-1922,12.35,92.00,-557.32,-8.02
278219,-1922,12.35,96.00,-557.51,-7.63
278244,-1922,12.35,126.00,-557.71,-7.97
278269,-1922,12.35,122.00,-557.90,-7.69
278294,-1922,12.35,120.00,-558.10,-7.97
278319,-1922,12.35,114.00,-558.29,-7.63
278344,-1922,12.35,104.00,-558.48,-7.63
278369,-1922,12.35,88.00,-558.68,-8.02
278394,-1922,12.35,77.00,-558.87,-7.63
278419,-1922,12.35,78.00,-559.07,-7.97
278444,-1922,12.35,87.00,-559.26,-7.69
278469,-1922,12.35,103.00,-559.45,-7.63
278494,-1922,12.35,112.00,-559.65,-7.97
278519,-1922,12.35,128.00,-559.85,-7.69
278544,-1922,12.35,120.00,-560.04,-7.97
278569,-1922,12.35,133.00,-560.24,-7.63
278594,-1922,12.35,102.00,-560.43,-7.97
278619,-1922,12.35,98.00,-560.63,-7.63
278644,-1922,12.35,88.00,-560.82,-7.69
278669,-1922,12.35,82.00,-561.02,-7.97
278694,-1922,12.35,92.00,-561.21,-7.63
278719,-1922,12.35,105.00,-561.41,-7.91
278744,-1922,12.35,99.00,-561.60,-7.69
278769,-1922,12.35,90.00,-561.79,-7.63
278794,-1922,12.35,83.00,-561.99,-7.97
278819,-1129,12.35,94.00,-562.18,-7.63
278844,-1129,12.35,-92.00,-562.36,-7.24
278869,-1129,12.35,-22.00,-562.51,-6.06
278894,-1129,12.35,0.00,-562.66,-5.78
278919,-1129,12.35,28.00,-562.78,-5.16
278944,-1129,12.35,32.00,-562.91,-4.88
278969,-1129,12.35,44.00,-563.03,-4.82
278994,-1129,12.35,63.00,-563.14,-4.54
279019,-1129,12.35,61.00,-563.26,-4.66
279044,-1129,12.35,64.00,-563.37,-4.43
279069,-1129,12.35,56.00,-563.48,-4.43
279094,-1129,12.35,64.00,-563.59,-4.66
279119,-1129,12.35,84.00,-563.70,-4.38
279144,-1129,12.35,58.00,-563.82,-4.54
279169,-1129,12.35,67.00,-563.93,-4.43
279194,-1129,12.35,68.00,-564.04,-4.38
279219,-1129,12.35,72.00,-564.15,-4.60
279244,-1129,12.35,61.00,-564.26,-4.38
279269,-1129,12.35,58.00,-564.38,-4.60
279294,-1129,12.35,63.00,-564.49,-4.38
279319,-1129,12.35,58.00,-564.60,-4.60
279344,-1129,12.35,73.00,-564.71,-4.38
279369,-1129,12.35,63.00,-564.82,-4.38
279394,-1129,12.35,59.00,-564.94,-4.60
279419,-1129,12.35,79.00,-565.04,-4.38
279444,-1129,12.35,59.00,-565.16,-4.60
279469,-1129,12.35,65.00,-565.27,-4.38
279494,-1129,12.35,73.00,-565.38,-4.38
279519,-1129,12.35,73.00,-565.49,-4.60
279544,-1129,12.35,72.00,-565.60,-4.38
279569,-1129,12.35,68.00,-565.72,-4.54
279594,-1129,12.35,65.00,-565.83,-4.38
279619,-1129,12.35,69.00,-565.94,-4.60
279644,-1129,12.35,60.00,-566.05,-4.38
279669,-1129,12.35,60.00,-566.16,-4.38
279694,-1129,12.35,76.00,-566.27,-4.60
279719,-1129,12.35,77.00,-566.38,-4.38
279744,-1129,12.35,55.00,-566.50,-4.54
279769,-1129,12.35,65.00,-566.61,-4.43
279794,-1129,12.35,67.00,-566.72,-4.38
279819,-283,12.35,73.00,-566.83,-4.54
279844,-283,12.35,-25.00,-566.92,-3.65
279869,-283,12.35,-7.00,-566.99,-2.58
279894,-283,12.35,-1.00,-567.03,-1.74
279919,-283,12.35,16.00,-567.07,-1.40
279944,-283,12.35,20.00,-567.10,-1.23
279969,-283,12.35,17.00,-567.12,-1.07
279994,-283,12.35,17.00,-567.15,-1.01
280019,-283,12.35,24.00,-567.17,-0.95
280044,-283,12.35,19.00,-567.20,-1.01
280069,-283,12.35,24.00,-567.22,-0.90
280094,-283,12.35,25.00,-567.24,-0.95
280119,-283,12.35,20.00,-567.27,-0.90
280144,-283,12.35,21.00,-567.29,-0.95
280169,-283,12.35,21.00,-567.31,-0.95
280194,-283,12.35,23.00,-567.34,-0.90
280219,-283,12.35,21.00,-567.36,-0.90
280244,-283,12.35,21.00,-567.38,-0.95
280269,-283,12.35,23.00,-567.41,-0.90
280294,-283,12.35,23.00,-567.43,-0.95
280319,-283,12.35,21.00,-567.45,-0.90
280344,-283,12.35,22.00,-567.48,-0.95
280369,-283,12.35,24.00,-567.50,-0.90
280394,-283,12.35,22.00,-567.52,-0.90
280419,-283,12.35,22.00,-567.54,-0.95
280444,-283,12.35,20.00,-567.57,-0.90
280469,-283,12.35,21.00,-567.59,-0.95
280494,-283,12.35,22.00,-567.61,-0.90
280519,-283,12.35,23.00,-567.64,-0.90
280544,-283,12.35,21.00,-567.66,-0.90
280569,-283,12.35,20.00,-567.68,-0.90
280594,-283,12.35,22.00,-567.70,-0.95
280619,-283,12.35,23.00,-567.73,-0.90
280644,-283,12.35,20.00,-567.75,-0.90
280669,-283,12.35,22.00,-567.77,-0.95
280694,-283,12.35,21.00,-567.79,-0.84
280719,-283,12.35,24.00,-567.82,-0.95
280744,-283,12.35,20.00,-567.84,-0.90
280769,-283,12.35,23.00,-567.86,-0.95
280794,-283,12.35,22.00,-567.89,-0.90
280819,579,12.35,25.00,-567.91,-0.90
280844,579,12.35,106.00,-567.91,-0.06
280869,579,12.35,83.00,-567.89,0.95
280894,579,12.35,70.00,-567.85,1.51
280919,579,12.35,54.00,-567.80,1.74
280944,579,12.35,56.00,-567.76,1.91
280969,579,12.35,43.00,-567.71,2.08
280994,579,12.35,39.00,-567.65,2.08
281019,579,12.35,43.00,-567.60,2.19
281044,579,12.35,38.00,-567.55,2.08
281069,579,12.35,40.00,-567.49,2.19
281094,579,12.35,34.00,-567.44,2.13
281119,579,12.35,41.00,-567.39,2.13
281144,579,12.35,38.00,-567.33,2.19
281169,579,12.35,37.00,-567.28,2.13
281194,579,12.35,43.00,-567.22,2.24
281219,579,12.35,34.00,-567.17,2.13
281244,579,12.35,43.00,-567.12,2.08
281269,579,12.35,35.00,-567.06,2.24
281294,579,12.35,44.00,-567.01,2.13
281319,579,12.35,32.00,-566.95,2.19
281344,579,12.35,41.00,-566.90,2.13
281369,579,12.35,37.00,-566.85,2.13
281394,579,12.35,43.00,-566.79,2.19
281419,579,12.35,41.00,-566.74,2.13
281444,579,12.35,34.00,-566.68,2.19
281469,579,12.35,40.00,-566.63,2.13
281494,579,12.35,38.00,-566.58,2.19
281519,579,12.35,42.00,-566.52,2.13
281544,579,12.35,35.00,-566.47,2.13
281569,579,12.35,47.00,-566.41,2.19
281594,579,12.35,33.00,-566.36,2.13
281619,579,12.35,42.00,-566.31,2.19
281644,579,12.35,35.00,-566.25,2.13
281669,579,12.35,43.00,-566.20,2.08
281694,579,12.35,31.00,-566.14,2.24
281719,579,12.35,41.00,-566.09,2.13
281744,579,12.35,33.00,-566.04,2.19
281769,579,12.35,42.00,-565.98,2.13
281794,579,12.35,38.00,-565.93,2.19
281819,1418,12.35,40.00,-565.88,2.13
281844,1418,12.35,370.00,-565.81,2.80
281869,1418,12.35,264.00,-565.70,4.15
281894,1418,12.35,176.00,-565.58,4.66
281919,1418,12.35,134.00,-565.45,5.27
281944,1418,12.35,114.00,-565.32,5.27
281969,1418,12.35,114.00,-565.19,5.44
281994,1418,12.35,104.00,-565.04,5.78
282019,1418,12.35,102.00,-564.90,5.55
282044,1418,12.35,103.00,-564.75,5.89
282069,1418,12.35,92.00,-564.61,5.67
282094,1418,12.35,99.00,-564.47,5.89
282119,1418,12.35,90.00,-564.32,5.67
282144,1418,12.35,85.00,-564.18,5.67
282169,1418,12.35,99.00,-564.04,5.89
282194,1418,12.35,85.00,-563.89,5.67
282219,1418,12.35,97.00,-563.75,5.89
282244,1418,12.35,96.00,-563.60,5.67
282269,1418,12.35,101.00,-563.46,5.67
282294,1418,12.35,84.00,-563.31,5.95
282319,1418,12.35,100.00,-563.17,5.67
282344,1418,12.35,89.00,-563.03,5.89
282369,1418,12.35,84.00,-562.88,5.67
282394,1418,12.35,102.00,-562.74,5.72
282419,1418,12.35,88.00,-562.59,5.89
282444,1418,12.35,98.00,-562.45,5.67
282469,1418,12.35,80.00,-562.30,5.89
282494,1418,12.35,82.00,-562.16,5.72
282519,1418,12.35,79.00,-562.01,5.89
282544,1418,12.35,83.00,-561.87,5.67
282569,1418,12.35,86.00,-561.73,5.72
282594,1418,12.35,83.00,-561.58,5.89
282619,1418,12.35,92.00,-561.44,5.67
282644,1418,12.35,94.00,-561.29,5.95
282669,1418,12.35,98.00,-561.15,5.67
282694,1418,12.35,86.00,-561.01,5.67
282719,1418,12.35,96.00,-560.86,5.95
282744,1418,12.35,86.00,-560.72,5.67
282769,1418,12.35,90.00,-560.57,5.95
282794,1418,12.35,78.00,-560.43,5.67
282819,2196,12.35,76.00,-560.28,5.89
282844,2196,12.35,477.00,-560.12,6.28
282869,2196,12.35,347.00,-559.94,7.24
282894,2196,12.35,283.00,-559.74,8.19
282919,2196,12.35,205.00,-559.53,8.25
282944,2196,12.35,166.00,-559.31,8.92
282969,2196,12.35,161.00,-559.09,8.70
282994,2196,12.35,149.00,-558.87,8.81
283019,2196,12.35,148.00,-558.64,9.20
283044,2196,12.35,155.00,-558.42,8.92
283069,2196,12.35,159.00,-558.19,9.31
283094,2196,12.35,120.00,-557.96,8.92
283119,2196,12.35,116.00,-557.74,8.98
283144,2196,12.35,122.00,-557.51,9.26
283169,2196,12.35,134.00,-557.28,8.92
283194,2196,12.35,140.00,-557.05,9.31
283219,2196,12.35,131.00,-556.83,8.92
283244,2196,12.35,117.00,-556.59,9.31
283269,2196,12.35,119.00,-556.37,8.92
283294,2196,12.35,122.00,-556.15,8.92
283319,2196,12.35,145.00,-555.92,9.26
283344,2196,12.35,128.00,-555.69,8.98
283369,2196,12.35,122.00,-555.46,9.26
283394,2196,12.35,135.00,-555.24,8.92
283419,2196,12.35,121.00,-555.02,8.92
283444,2196,12.35,116.00,-554.78,9.31
283469,2196,12.35,129.00,-554.56,8.92
283494,2196,12.35,132.00,-554.33,9.31
283519,2196,12.35,147.00,-554.10,8.92
283544,2196,12.35,141.00,-553.87,9.31
283569,2196,12.35,122.00,-553.65,8.92
283594,2196,12.35,132.00,-553.43,8.92
283619,2196,12.35,124.00,-553.19,9.31
283644,2196,12.35,130.00,-552.97,8.92
283669,2196,12.35,134.00,-552.74,9.31
283694,2196,12.35,126.00,-552.51,8.92
283719,2196,12.35,117.00,-552.29,8.92
283744,2196,12.35,112.00,-552.06,9.31
283769,2196,12.35,125.00,-551.83,8.92
283794,2196,12.35,139.00,-551.60,9.26
283819,2878,12.35,133.00,-551.38,8.98
283844,2878,12.35,521.00,-551.14,9.42
283869,2878,12.35,377.00,-550.88,10.66
283894,2878,12.35,282.00,-550.61,10.83
283919,2878,12.35,255.00,-550.32,11.61
283944,2878,12.35,264.00,-550.03,11.44
283969,2878,12.35,225.00,-549.73,12.06
283994,2878,12.35,211.00,-549.44,11.67
284019,2878,12.35,207.00,-549.14,11.78
284044,2878,12.35,224.00,-548.83,12.29
284069,2878,12.35,163.00,-548.54,11.89
284094,2878,12.35,159.00,-548.23,12.34
284119,2878,12.35,171.00,-547.93,11.89
284144,2878,12.35,136.00,-547.63,11.89
284169,2878,12.35,184.00,-547.32,12.45
284194,2878,12.35,141.00,-547.03,11.89
284219,2878,12.35,171.00,-546.72,12.40
284244,2878,12.35,138.00,-546.42,11.89
284269,2878,12.35,175.00,-546.11,12.45
284294,2878,12.35,111.00,-545.81,11.89
284319,2878,12.35,173.00,-545.51,11.95
284344,2878,12.35,160.00,-545.20,12.40
284369,2878,12.35,159.00,-544.90,11.95
284394,2878,12.35,161.00,-544.59,12.40
284419,2878,12.35,147.00,-544.29,11.95
284444,2878,12.35,197.00,-543.99,11.95
284469,2878,12.35,136.00,-543.68,12.40
284494,2878,12.35,167.00,-543.39,11.95
284519,2878,12.35,125.00,-543.08,12.40
284544,2878,12.35,175.00,-542.78,11.95
284569,2878,12.35,153.00,-542.48,11.95
284594,2878,12.35,155.00,-542.17,12.40
284619,2878,12.35,153.00,-541.87,11.95
284644,2878,12.35,150.00,-541.56,12.45
284669,2878,12.35,179.00,-541.26,11.89
284694,2878,12.35,117.00,-540.95,12.45
284719,2878,12.35,177.00,-540.65,11.89
284744,2878,12.35,151.00,-540.35,11.95
284769,2878,12.35,175.00,-540.04,12.40
284794,2878,12.35,139.00,-539.75,11.95
284819,3431,12.35,160.00,-539.44,12.40
284844,3431,12.35,501.00,-539.13,12.34
284869,3431,12.35,418.00,-538.81,12.85
284894,3431,12.35,318.00,-538.46,13.91
284919,3431,12.35,284.00,-538.12,13.63
284944,3431,12.35,234.00,-537.76,14.36
284969,3431,12.35,217.00,-537.41,13.97
284994,3431,12.35,233.00,-537.04,14.64
285019,3431,12.35,199.00,-536.69,14.14
285044,3431,12.35,175.00,-536.33,14.19
285069,3431,12.35,215.00,-535.96,14.87
285094,3431,12.35,173.00,-535.61,14.19
285119,3431,12.35,184.00,-535.24,14.87
285144,3431,12.35,181.00,-534.88,14.31
285169,3431,12.35,184.00,-534.52,14.25
285194,3431,12.35,175.00,-534.15,14.92
285219,3431,12.35,194.00,-533.79,14.25
285244,3431,12.35,203.00,-533.42,14.87
285269,3431,12.35,151.00,-533.06,14.31
285294,3431,12.35,199.00,-532.69,14.92
285319,3431,12.35,150.00,-532.33,14.31
285344,3431,12.35,179.00,-531.98,14.31
285369,3431,12.35,163.00,-531.60,14.87
285394,3431,12.35,176.00,-531.25,14.31
285419,3431,12.35,192.00,-530.87,14.92
285444,3431,12.35,158.00,-530.52,14.31
285469,3431,12.35,187.00,-530.16,14.31
285494,3431,12.35,160.00,-529.78,14.92
285519,3431,12.35,170.00,-529.43,14.31
285544,3431,12.35,198.00,-529.05,14.92
285569,3431,12.35,150.00,-528.70,14.36
285594,3431,12.35,176.00,-528.34,14.31
285619,3431,12.35,184.00,-527.96,14.92
285644,3431,12.35,194.00,-527.61,14.31
285669,3431,12.35,163.00,-527.23,14.87
285694,3431,12.35,193.00,-526.88,14.36
285719,3431,12.35,156.00,-526.50,14.87
285744,3431,12.35,158.00,-526.15,14.36
285769,3431,12.35,180.00,-525.79,14.31
285794,3431,12.35,156.00,-525.42,14.87
285819,3829,12.35,191.00,-525.06,14.36
285844,3829,12.35,447.00,-524.68,15.15
285869,3829,12.35,387.00,-524.30,14.98
285894,3829,12.35,312.00,-523.92,15.32
285919,3829,12.35,275.00,-523.52,16.21
285944,3829,12.35,255.00,-523.12,15.65
285969,3829,12.35,244.00,-522.71,16.38
285994,3829,12.35,204.00,-522.32,15.88
286019,3829,12.35,234.00,-521.90,16.61
286044,3829,12.35,201.00,-521.50,15.93
286069,3829,12.35,201.00,-521.10,15.99
286094,3829,12.35,190.00,-520.69,16.72
286119,3829,12.35,177.00,-520.29,15.99
286144,3829,12.35,207.00,-519.87,16.72
286169,3829,12.35,195.00,-519.47,16.04
286194,3829,12.35,203.00,-519.07,16.10
286219,3829,12.35,201.00,-518.65,16.72
286244,3829,12.35,208.00,-518.25,16.10
286269,3829,12.35,167.00,-517.83,16.72
286294,3829,12.35,199.00,-517.42,16.10
286319,3829,12.35,203.00,-517.02,16.04
286344,3829,12.35,191.00,-516.60,16.77
286369,3829,12.35,170.00,-516.20,16.10
286394,3829,12.35,211.00,-515.78,16.77
286419,3829,12.35,190.00,-515.38,16.10
286444,3829,12.35,195.00,-514.96,16.72
286469,3829,12.35,187.00,-514.56,16.10
286494,3829,12.35,206.00,-514.16,16.04
286519,3829,12.35,196.00,-513.74,16.77
286544,3829,12.35,192.00,-513.34,16.10
286569,3829,12.35,181.00,-512.92,16.72
286594,3829,12.35,185.00,-512.52,16.10
286619,3829,12.35,204.00,-512.11,16.04
286644,3829,12.35,168.00,-511.70,16.77
286669,3829,12.35,195.00,-511.29,16.10
286694,3829,12.35,199.00,-510.87,16.77
286719,3829,12.35,190.00,-510.47,16.10
286744,3829,12.35,183.00,-510.05,16.77
286769,3829,12.35,189.00,-509.65,16.10
286794,3829,12.35,189.00,-509.25,16.04
286819,4052,12.35,174.00,-508.83,16.77
286844,4052,12.35,337.00,-508.42,16.21
286869,4052,12.35,309.00,-508.00,17.11
286894,4052,12.35,274.00,-507.58,16.66
286919,4052,12.35,246.00,-507.16,16.72
286944,4052,12.35,231.00,-506.72,17.50
286969,4052,12.35,227.00,-506.30,16.89
286994,4052,12.35,206.00,-505.86,17.67
287019,4052,12.35,213.00,-505.44,16.94
287044,4052,12.35,216.00,-505.01,17.00
287069,4052,12.35,191.00,-504.57,17.73
287094,4052,12.35,206.00,-504.14,17.00
287119,4052,12.35,204.00,-503.70,17.78
287144,4052,12.35,204.00,-503.27,17.05
287169,4052,12.35,194.00,-502.83,17.73
287194,4052,12.35,221.00,-502.40,17.05
287219,4052,12.35,190.00,-501.98,17.00
287244,4052,12.35,195.00,-501.53,17.73
287269,4052,12.35,221.00,-501.11,17.05
287294,4052,12.35,195.00,-500.66,17.78
287319,4052,12.35,197.00,-500.24,17.05
287344,4052,12.35,187.00,-499.81,17.05
287369,4052,12.35,193.00,-499.37,17.78
287394,4052,12.35,187.00,-498.94,17.05
287419,4052,12.35,216.00,-498.50,17.73
287444,4052,12.35,195.00,-498.07,17.05
287469,4052,12.35,200.00,-497.63,17.78
287494,4052,12.35,191.00,-497.20,17.05
287519,4052,12.35,215.00,-496.77,17.05
287544,4052,12.35,189.00,-496.33,17.73
287569,4052,12.35,197.00,-495.90,17.05
287594,4052,12.35,207.00,-495.46,17.73
287619,4052,12.35,204.00,-495.04,17.00
287644,4052,12.35,197.00,-494.61,17.05
287669,4052,12.35,195.00,-494.16,17.78
287694,4052,12.35,205.00,-493.74,17.00
287719,4052,12.35,179.00,-493.29,17.78
287744,4052,12.35,201.00,-492.87,17.00
287769,4052,12.35,214.00,-492.44,17.05
287794,4052,12.35,201.00,-492.00,17.73
287819,4086,12.35,201.00,-491.57,17.05
287844,4086,12.35,224.00,-491.13,17.78
287869,4086,12.35,219.00,-490.70,17.11
287894,4086,12.35,195.00,-490.25,17.90
287919,4086,12.35,224.00,-489.83,17.11
287944,4086,12.35,213.00,-489.40,17.17
287969,4086,12.35,197.00,-488.95,17.84
287994,4086,12.35,197.00,-488.52,17.22
288019,4086,12.35,215.00,-488.07,17.84
288044,4086,12.35,201.00,-487.64,17.22
288069,4086,12.35,188.00,-487.21,17.17
288094,4086,12.35,211.00,-486.77,17.90
288119,4086,12.35,205.00,-486.34,17.17
288144,4086,12.35,209.00,-485.89,17.95
288169,4086,12.35,182.00,-485.46,17.17
288194,4086,12.35,196.00,-485.01,17.90
288219,4086,12.35,204.00,-484.58,17.22
288244,4086,12.35,198.00,-484.15,17.17
288269,4086,12.35,181.00,-483.70,17.95
288294,4086,12.35,209.00,-483.28,17.11
288319,4086,12.35,210.00,-482.83,17.90
288344,4086,12.35,197.00,-482.40,17.17
288369,4086,12.35,193.00,-481.97,17.22
288394,4086,12.35,211.00,-481.52,17.90
288419,4086,12.35,208.00,-481.09,17.22
288444,4086,12.35,186.00,-480.64,17.90
288469,4086,12.35,215.00,-480.21,17.17
288494,4086,12.35,205.00,-479.77,17.90
288519,4086,12.35,215.00,-479.34,17.17
288544,4086,12.35,186.00,-478.91,17.22
288569,4086,12.35,207.00,-478.46,17.90
288594,4086,12.35,205.00,-478.03,17.17
288619,4086,12.35,206.00,-477.58,17.90
288644,4086,12.35,189.00,-477.15,17.22
288669,4086,12.35,210.00,-476.72,17.17
288694,4086,12.35,207.00,-476.28,17.90
288719,4086,12.35,197.00,-475.85,17.22
288744,4086,12.35,207.00,-475.40,17.90
288769,4086,12.35,210.00,-474.97,17.17
288794,4086,12.35,221.00,-474.54,17.22
288819,3929,12.35,179.00,-474.09,17.90
288844,3929,12.35,94.00,-473.66,17.11
288869,3929,12.35,134.00,-473.22,17.62
288894,3929,12.35,142.00,-472.80,16.83
288919,3929,12.35,152.00,-472.37,17.39
288944,3929,12.35,168.00,-471.95,16.66
288969,3929,12.35,162.00,-471.53,16.66
288994,3929,12.35,194.00,-471.10,17.28
289019,3929,12.35,192.00,-470.69,16.49
289044,3929,12.35,203.00,-470.26,17.22
289069,3929,12.35,186.00,-469.85,16.55
289094,3929,12.35,189.00,-469.43,16.55
289119,3929,12.35,185.00,-469.00,17.22
289144,3929,12.35,180.00,-468.59,16.55
289169,3929,12.35,196.00,-468.16,17.22
289194,3929,12.35,209.00,-467.75,16.49
289219,3929,12.35,206.00,-467.31,17.22
289244,3929,12.35,195.00,-466.90,16.55
289269,3929,12.35,190.00,-466.49,16.49
289294,3929,12.35,178.00,-466.06,17.22
289319,3929,12.35,198.00,-465.64,16.55
289344,3929,12.35,223.00,-465.22,17.17
289369,3929,12.35,193.00,-464.80,16.49
289394,3929,12.35,202.00,-464.39,16.55
289419,3929,12.35,197.00,-463.96,17.17
289444,3929,12.35,191.00,-463.55,16.55
289469,3929,12.35,184.00,-463.12,17.17
289494,3929,12.35,195.00,-462.70,16.55
289519,3929,12.35,203.00,-462.29,16.49
289544,3929,12.35,205.00,-461.86,17.22
289569,3929,12.35,192.00,-461.45,16.55
289594,3929,12.35,179.00,-461.02,17.17
289619,3929,12.35,194.00,-460.60,16.55
289644,3929,12.35,192.00,-460.17,17.22
289669,3929,12.35,214.00,-459.76,16.49
289694,3929,12.35,192.00,-459.35,16.55
289719,3929,12.35,187.00,-458.92,17.17
289744,3929,12.35,196.00,-458.50,16.55
289769,3929,12.35,199.00,-458.08,17.17
289794,3929,12.35,180.00,-457.66,16.55
289819,3586,12.35,206.00,-457.25,16.55
289844,3586,12.35,12.00,-456.82,17.00
289869,3586,12.35,43.00,-456.42,15.99
289894,3586,12.35,81.00,-456.01,16.33
289919,3586,12.35,101.00,-455.63,15.48
289944,3586,12.35,151.00,-455.23,15.99
289969,3586,12.35,167.00,-454.85,15.32
289994,3586,12.35,162.00,-454.47,15.20
290019,3586,12.35,188.00,-454.07,15.76
290044,3586,12.35,157.00,-453.69,15.09
290069,3586,12.35,190.00,-453.30,15.71
290094,3586,12.35,177.00,-452.93,15.03
290119,3586,12.35,181.00,-452.55,15.03
290144,3586,12.35,166.00,-452.16,15.65
290169,3586,12.35,158.00,-451.78,15.03
290194,3586,12.35,199.00,-451.39,15.65
290219,3586,12.35,173.00,-451.01,15.03
290244,3586,12.35,175.00,-450.64,14.98
290269,3586,12.35,199.00,-450.25,15.65
290294,3586,12.35,168.00,-449.87,15.03
290319,3586,12.35,181.00,-449.48,15.65
290344,3586,12.35,199.00,-449.11,15.03
290369,3586,12.35,152.00,-448.71,15.65
290394,3586,12.35,207.00,-448.34,15.03
290419,3586,12.35,179.00,-447.96,15.03
290444,3586,12.35,193.00,-447.57,15.65
290469,3586,12.35,200.00,-447.20,14.98
290494,3586,12.35,189.00,-446.81,15.65
290519,3586,12.35,179.00,-446.43,15.03
290544,3586,12.35,199.00,-446.06,14.98
290569,3586,12.35,191.00,-445.67,15.60
290594,3586,12.35,164.00,-445.29,15.03
290619,3586,12.35,184.00,-444.90,15.60
290644,3586,12.35,172.00,-444.53,14.98
290669,3586,12.35,162.00,-444.13,15.65
290694,3586,12.35,180.00,-443.76,14.98
290719,3586,12.35,201.00,-443.38,15.03
290744,3586,12.35,164.00,-442.99,15.65
290769,3586,12.35,192.00,-442.62,14.98
290794,3586,12.35,156.00,-442.23,15.65
290819,3071,12.35,148.00,-441.85,15.03
290844,3071,12.35,13.00,-441.48,14.64
290869,3071,12.35,-10.00,-441.11,14.87
290894,3071,12.35,2.00,-440.77,13.86
290919,3071,12.35,29.00,-440.41,14.14
290944,3071,12.35,115.00,-440.08,13.18
290969,3071,12.35,100.00,-439.76,13.02
290994,3071,12.35,136.00,-439.42,13.46
291019,3071,12.35,130.00,-439.10,12.85
291044,3071,12.35,158.00,-438.77,13.35
291069,3071,12.35,137.00,-438.45,12.85
291094,3071,12.35,151.00,-438.11,13.30
291119,3071,12.35,172.00,-437.79,12.79
291144,3071,12.35,180.00,-437.47,12.79
291169,3071,12.35,145.00,-437.14,13.30
291194,3071,12.35,147.00,-436.82,12.79
291219,3071,12.35,158.00,-436.49,13.30
291244,3071,12.35,183.00,-436.17,12.73
291269,3071,12.35,149.00,-435.85,12.73
291294,3071,12.35,166.00,-435.52,13.30
291319,3071,12.35,184.00,-435.20,12.73
291344,3071,12.35,180.00,-434.87,13.30
291369,3071,12.35,163.00,-434.55,12.73
291394,3071,12.35,147.00,-434.22,13.30
291419,3071,12.35,159.00,-433.90,12.73
291444,3071,12.35,170.00,-433.58,12.79
291469,3071,12.35,163.00,-433.25,13.24
291494,3071,12.35,160.00,-432.93,12.79
291519,3071,12.35,186.00,-432.60,13.30
291544,3071,12.35,133.00,-432.28,12.73
291569,3071,12.35,139.00,-431.96,12.73
291594,3071,12.35,167.00,-431.63,13.30
291619,3071,12.35,186.00,-431.31,12.73
291644,3071,12.35,149.00,-430.98,13.30
291669,3071,12.35,136.00,-430.66,12.73
291694,3071,12.35,152.00,-430.33,13.30
291719,3071,12.35,199.00,-430.01,12.73
291744,3071,12.35,169.00,-429.69,12.79
291769,3071,12.35,152.00,-429.36,13.30
291794,3071,12.35,150.00,-429.04,12.73
291819,2408,12.35,152.00,-428.71,13.30
291844,2408,12.35,-95.00,-428.40,12.34
291869,2408,12.35,-47.00,-428.10,11.72
291894,2408,12.35,-26.00,-427.81,11.78
291919,2408,12.35,17.00,-427.54,10.94
291944,2408,12.35,48.00,-427.26,11.00
291969,2408,12.35,113.00,-427.00,10.27
291994,2408,12.35,127.00,-426.75,10.15
292019,2408,12.35,119.00,-426.49,10.49
292044,2408,12.35,102.00,-426.24,10.04
292069,2408,12.35,119.00,-425.98,10.38
292094,2408,12.35,124.00,-425.73,9.99
292119,2408,12.35,141.00,-425.47,10.32
292144,2408,12.35,141.00,-425.22,9.93
292169,2408,12.35,126.00,-424.97,9.99
292194,2408,12.35,128.00,-424.71,10.32
292219,2408,12.35,141.00,-424.47,9.93
292244,2408,12.35,160.00,-424.21,10.32
292269,2408,12.35,133.00,-423.96,9.93
292294,2408,12.35,141.00,-423.71,9.87
292319,2408,12.35,150.00,-423.45,10.38
292344,2408,12.35,126.00,-423.20,9.93
292369,2408,12.35,137.00,-422.95,10.27
292394,2408,12.35,153.00,-422.70,9.93
292419,2408,12.35,118.00,-422.44,10.32
292444,2408,12.35,142.00,-422.19,9.93
292469,2408,12.35,122.00,-421.95,9.93
292494,2408,12.35,137.00,-421.69,10.32
292519,2408,12.35,147.00,-421.44,9.87
292544,2408,12.35,137.00,-421.18,10.38
292569,2408,12.35,154.00,-420.93,9.93
292594,2408,12.35,158.00,-420.69,9.87
292619,2408,12.35,145.00,-420.43,10.38
292644,2408,12.35,118.00,-420.18,9.93
292669,2408,12.35,137.00,-419.92,10.32
292694,2408,12.35,148.00,-419.67,9.93
292719,2408,12.35,131.00,-419.43,9.87
292744,2408,12.35,142.00,-419.17,10.38
292769,2408,12.35,149.00,-418.92,9.93
292794,2408,12.35,138.00,-418.66,10.32
292819,1625,12.35,158.00,-418.41,9.93
292844,1625,12.35,-105.00,-418.17,9.71
292869,1625,12.35,-19.00,-417.96,8.47
292894,1625,12.35,-15.00,-417.75,8.08
292919,1625,12.35,29.00,-417.56,7.97
292944,1625,12.35,21.00,-417.37,7.29
292969,1625,12.35,35.00,-417.19,7.29
292994,1625,12.35,91.00,-417.02,6.79
293019,1625,12.35,84.00,-416.85,6.73
293044,1625,12.35,76.00,-416.68,6.90
293069,1625,12.35,93.00,-416.51,6.62
293094,1625,12.35,91.00,-416.34,6.90
293119,1625,12.35,103.00,-416.18,6.56
293144,1625,12.35,115.00,-416.01,6.90
293169,1625,12.35,94.00,-415.84,6.56
293194,1625,12.35,91.00,-415.68,6.56
293219,1625,12.35,90.00,-415.51,6.84
293244,1625,12.35,88.00,-415.34,6.56
293269,1625,12.35,91.00,-415.17,6.84
293294,1625,12.35,101.00,-415.01,6.56
293319,1625,12.35,90.00,-414.84,6.56
293344,1625,12.35,96.00,-414.67,6.84
293369,1625,12.35,91.00,-414.51,6.56
293394,1625,12.35,84.00,-414.34,6.84
293419,1625,12.35,85.00,-414.17,6.56
293444,1625,12.35,114.00,-414.01,6.56
293469,1625,12.35,107.00,-413.84,6.84
293494,1625,12.35,119.00,-413.67,6.56
293519,1625,12.35,106.00,-413.50,6.84
293544,1625,12.35,103.00,-413.34,6.56
293569,1625,12.35,86.00,-413.17,6.90
293594,1625,12.35,102.00,-413.00,6.56
293619,1625,12.35,95.00,-412.84,6.56
293644,1625,12.35,112.00,-412.67,6.84
293669,1625,12.35,90.00,-412.50,6.56
293694,1625,12.35,107.00,-412.33,6.90
293719,1625,12.35,126.00,-412.17,6.56
293744,1625,12.35,114.00,-412.00,6.56
293769,1625,12.35,98.00,-411.83,6.84
293794,1625,12.35,82.00,-411.67,6.56
293819,761,12.35,90.00,-411.50,6.84
293844,761,12.35,-68.00,-411.35,5.83
293869,761,12.35,-29.00,-411.23,4.94
293894,761,12.35,-5.00,-411.13,4.04
293919,761,12.35,13.00,-411.03,3.65
293944,761,12.35,27.00,-410.95,3.48
293969,761,12.35,38.00,-410.87,3.09
293994,761,12.35,41.00,-410.79,3.09
294019,761,12.35,48.00,-410.72,2.97
294044,761,12.35,49.00,-410.65,2.92
294069,761,12.35,50.00,-410.57,3.09
294094,761,12.35,54.00,-410.50,2.86
294119,761,12.35,48.00,-410.42,3.03
294144,761,12.35,55.00,-410.35,2.92
294169,761,12.35,51.00,-410.28,2.86
294194,761,12.35,46.00,-410.20,3.03
294219,761,12.35,47.00,-410.13,2.92
294244,761,12.35,45.00,-410.05,2.97
294269,761,12.35,54.00,-409.98,2.92
294294,761,12.35,50.00,-409.90,3.03
294319,761,12.35,49.00,-409.83,2.86
294344,761,12.35,55.00,-409.76,2.92
294369,761,12.35,48.00,-409.69,2.97
294394,761,12.35,53.00,-409.61,2.92
294419,761,12.35,46.00,-409.54,2.97
294444,761,12.35,47.00,-409.47,2.92
294469,761,12.35,43.00,-409.39,2.86
294494,761,12.35,55.00,-409.32,3.03
294519,761,12.35,50.00,-409.25,2.86
294544,761,12.35,49.00,-409.17,3.03
294569,761,12.35,44.00,-409.10,2.86
294594,761,12.35,54.00,-409.02,3.03
294619,761,12.35,48.00,-408.95,2.86
294644,761,12.35,42.00,-408.88,2.92
294669,761,12.35,48.00,-408.81,2.97
294694,761,12.35,47.00,-408.73,2.92
294719,761,12.35,53.00,-408.66,2.97
294744,761,12.35,54.00,-408.59,2.92
294769,761,12.35,49.00,-408.51,2.86
294794,761,12.35,50.00,-408.44,3.03
294819,-143,12.35,48.00,-408.37,2.86
294844,-143,12.35,33.00,-408.32,2.02
294869,-143,12.35,24.00,-408.30,0.67
294894,-143,12.35,19.00,-408.30,0.06
294919,-143,12.35,18.00,-408.30,-0.28
294944,-143,12.35,16.00,-408.31,-0.34
294969,-143,12.35,16.00,-408.32,-0.34
294994,-143,12.35,16.00,-408.33,-0.28
295019,-143,12.35,18.00,-408.34,-0.34
295044,-143,12.35,15.00,-408.35,-0.34
295069,-143,12.35,15.00,-408.35,-0.34
295094,-143,12.35,16.00,-408.36,-0.28
295119,-143,12.35,16.00,-408.37,-0.39
295144,-143,12.35,17.00,-408.38,-0.28
295169,-143,12.35,17.00,-408.39,-0.34
295194,-143,12.35,16.00,-408.39,-0.28
295219,-143,12.35,15.00,-408.40,-0.34
295244,-143,12.35,17.00,-408.41,-0.34
295269,-143,12.35,16.00,-408.42,-0.34
295294,-143,12.35,17.00,-408.43,-0.28
295319,-143,12.35,17.00,-408.43,-0.34
295344,-143,12.35,16.00,-408.44,-0.34
295369,-143,12.35,17.00,-408.45,-0.28
295394,-143,12.35,17.00,-408.46,-0.39
295419,-143,12.35,16.00,-408.47,-0.28
295444,-143,12.35,17.00,-408.47,-0.34
295469,-143,12.35,16.00,-408.48,-0.28
295494,-143,12.35,17.00,-408.49,-0.34
295519,-143,12.35,15.00,-408.50,-0.39
295544,-143,12.35,17.00,-408.51,-0.28
295569,-143,12.35,17.00,-408.51,-0.28
295594,-143,12.35,16.00,-408.52,-0.34
295619,-143,12.35,16.00,-408.53,-0.39
295644,-143,12.35,17.00,-408.54,-0.28
295669,-143,12.35,16.00,-408.55,-0.34
295694,-143,12.35,13.00,-408.56,-0.34
295719,-143,12.35,17.00,-408.56,-0.34
295744,-143,12.35,16.00,-408.57,-0.28
295769,-143,12.35,16.00,-408.58,-0.34
295794,-143,12.35,15.00,-408.59,-0.34
295819,-1044,12.35,16.00,-408.60,-0.34
295844,-1044,12.35,255.00,-408.62,-1.07
295869,-1044,12.35,186.00,-408.68,-2.47
295894,-1044,12.35,128.00,-408.76,-3.03
295919,-1044,12.35,99.00,-408.85,-3.48
295944,-1044,12.35,85.00,-408.94,-3.81
295969,-1044,12.35,77.00,-409.04,-3.81
295994,-1044,12.35,75.00,-409.14,-4.04
296019,-1044,12.35,65.00,-409.24,-3.93
296044,-1044,12.35,59.00,-409.34,-4.15
296069,-1044,12.35,74.00,-409.44,-4.04
296094,-1044,12.35,59.00,-409.54,-3.98
296119,-1044,12.35,61.00,-409.65,-4.21
296144,-1044,12.35,62.00,-409.75,-3.98
296169,-1044,12.35,68.00,-409.85,-4.21
296194,-1044,12.35,66.00,-409.95,-4.04
296219,-1044,12.35,60.00,-410.05,-3.98
296244,-1044,12.35,60.00,-410.16,-4.21
296269,-1044,12.35,68.00,-410.26,-4.04
296294,-1044,12.35,63.00,-410.36,-4.15
296319,-1044,12.35,67.00,-410.46,-4.04
296344,-1044,12.35,76.00,-410.57,-4.15
296369,-1044,12.35,67.00,-410.67,-4.04
296394,-1044,12.35,58.00,-410.77,-3.98
296419,-1044,12.35,69.00,-410.87,-4.21
296444,-1044,12.35,68.00,-410.97,-3.98
296469,-1044,12.35,56.00,-411.08,-4.21
296494,-1044,12.35,72.00,-411.18,-3.98
296519,-1044,12.35,52.00,-411.28,-4.04
296544,-1044,12.35,64.00,-411.38,-4.21
296569,-1044,12.35,76.00,-411.48,-3.98
296594,-1044,12.35,59.00,-411.59,-4.21
296619,-1044,12.35,59.00,-411.69,-3.98
296644,-1044,12.35,76.00,-411.79,-4.04
296669,-1044,12.35,61.00,-411.89,-4.15
296694,-1044,12.35,64.00,-411.99,-4.04
296719,-1044,12.35,73.00,-412.10,-4.21
296744,-1044,12.35,66.00,-412.20,-3.98
296769,-1044,12.35,69.00,-412.30,-4.21
296794,-1044,12.35,64.00,-412.40,-4.04
296819,-1895,12.35,58.00,-412.50,-3.98
296844,-1895,12.35,407.00,-412.63,-4.94
296869,-1895,12.35,295.00,-412.77,-5.83
296894,-1895,12.35,215.00,-412.94,-6.68
296919,-1895,12.35,167.00,-413.11,-6.84
296944,-1895,12.35,140.00,-413.29,-7.07
296969,-1895,12.35,161.00,-413.48,-7.57
296994,-1895,12.35,109.00,-413.66,-7.35
297019,-1895,12.35,133.00,-413.85,-7.69
297044,-1895,12.35,97.00,-414.04,-7.52
297069,-1895,12.35,91.00,-414.23,-7.74
297094,-1895,12.35,90.00,-414.42,-7.46
297119,-1895,12.35,109.00,-414.61,-7.41
297144,-1895,12.35,121.00,-414.80,-7.69
297169,-1895,12.35,109.00,-414.98,-7.46
297194,-1895,12.35,113.00,-415.18,-7.80
297219,-1895,12.35,106.00,-415.36,-7.41
297244,-1895,12.35,110.00,-415.55,-7.46
297269,-1895,12.35,106.00,-415.74,-7.74
297294,-1895,12.35,110.00,-415.93,-7.46
297319,-1895,12.35,101.00,-416.13,-7.74
297344,-1895,12.35,114.00,-416.31,-7.41
297369,-1895,12.35,102.00,-416.50,-7.46
297394,-1895,12.35,105.00,-416.69,-7.74
297419,-1895,12.35,109.00,-416.88,-7.46
297444,-1895,12.35,106.00,-417.07,-7.74
297469,-1895,12.35,105.00,-417.26,-7.41
297494,-1895,12.35,106.00,-417.45,-7.74
297519,-1895,12.35,107.00,-417.64,-7.46
297544,-1895,12.35,106.00,-417.82,-7.46
297569,-1895,12.35,110.00,-418.02,-7.74
297594,-1895,12.35,119.00,-418.20,-7.41
297619,-1895,12.35,110.00,-418.40,-7.80
297644,-1895,12.35,98.00,-418.58,-7.41
297669,-1895,12.35,98.00,-418.77,-7.46
297694,-1895,12.35,101.00,-418.96,-7.74
297719,-1895,12.35,108.00,-419.15,-7.41
297744,-1895,12.35,106.00,-419.34,-7.80
297769,-1895,12.35,100.00,-419.53,-7.46
297794,-1895,12.35,100.00,-419.72,-7.74
297819,-2655,12.35,105.00,-419.91,-7.41
297844,-2655,12.35,474.00,-420.11,-8.02
297869,-2655,12.35,387.00,-420.34,-9.26
297894,-2655,12.35,280.00,-420.58,-9.54
297919,-2655,12.35,238.00,-420.83,-10.27
297944,-2655,12.35,203.00,-421.09,-10.15
297969,-2655,12.35,198.00,-421.35,-10.32
297994,-2655,12.35,170.00,-421.62,-10.88
298019,-2655,12.35,163.00,-421.88,-10.55
298044,-2655,12.35,154.00,-422.16,-11.00
298069,-2655,12.35,112.00,-422.42,-10.60
298094,-2655,12.35,113.00,-422.70,-11.11
298119,-2655,12.35,165.00,-422.96,-10.66
298144,-2655,12.35,118.00,-423.23,-10.60
298169,-2655,12.35,173.00,-423.51,-11.16
298194,-2655,12.35,115.00,-423.78,-10.66
298219,-2655,12.35,148.00,-424.05,-11.11
298244,-2655,12.35,157.00,-424.32,-10.66
298269,-2655,12.35,106.00,-424.59,-10.66
298294,-2655,12.35,174.00,-424.87,-11.16
298319,-2655,12.35,101.00,-425.13,-10.66
298344,-2655,12.35,134.00,-425.41,-11.11
298369,-2655,12.35,146.00,-425.68,-10.72
298394,-2655,12.35,125.00,-425.95,-10.72
298419,-2655,12.35,168.00,-426.22,-11.11
298444,-2655,12.35,123.00,-426.49,-10.72
298469,-2655,12.35,168.00,-426.77,-11.16
298494,-2655,12.35,129.00,-427.04,-10.66
298519,-2655,12.35,116.00,-427.32,-11.16
298544,-2655,12.35,172.00,-427.58,-10.72
298569,-2655,12.35,115.00,-427.85,-10.66
298594,-2655,12.35,175.00,-428.13,-11.16
298619,-2655,12.35,112.00,-428.40,-10.72
298644,-2655,12.35,170.00,-428.68,-11.16
298669,-2655,12.35,102.00,-428.94,-10.66
298694,-2655,12.35,160.00,-429.21,-10.72
298719,-2655,12.35,113.00,-429.49,-11.16
298744,-2655,12.35,145.00,-429.76,-10.72
298769,-2655,12.35,132.00,-430.03,-11.11
298794,-2655,12.35,120.00,-430.30,-10.66
298819,-3284,12.35,172.00,-430.58,-11.16
298844,-3284,12.35,579.00,-430.86,-11.05
298869,-3284,12.35,397.00,-431.15,-11.78
298894,-3284,12.35,300.00,-431.47,-12.73
298919,-3284,12.35,275.00,-431.78,-12.57
298944,-3284,12.35,219.00,-432.12,-13.35
298969,-3284,12.35,220.00,-432.44,-12.90
298994,-3284,12.35,183.00,-432.77,-13.02
299019,-3284,12.35,198.00,-433.11,-13.69
299044,-3284,12.35,153.00,-433.44,-13.13
299069,-3284,12.35,157.00,-433.78,-13.74
299094,-3284,12.35,144.00,-434.11,-13.24
299119,-3284,12.35,177.00,-434.44,-13.24
299144,-3284,12.35,137.00,-434.79,-13.80
299169,-3284,12.35,183.00,-435.12,-13.24
299194,-3284,12.35,172.00,-435.46,-13.80
299219,-3284,12.35,154.00,-435.79,-13.24
299244,-3284,12.35,161.00,-436.14,-13.80
299269,-3284,12.35,130.00,-436.47,-13.24
299294,-3284,12.35,173.00,-436.80,-13.24
299319,-3284,12.35,156.00,-437.15,-13.80
299344,-3284,12.35,161.00,-437.48,-13.24
299369,-3284,12.35,168.00,-437.82,-13.86
299394,-3284,12.35,145.00,-438.15,-13.24
299419,-3284,12.35,168.00,-438.49,-13.30
299444,-3284,12.35,177.00,-438.83,-13.80
299469,-3284,12.35,154.00,-439.17,-13.35
299494,-3284,12.35,132.00,-439.51,-13.80
299519,-3284,12.35,175.00,-439.84,-13.30
299544,-3284,12.35,147.00,-440.19,-13.86
299569,-3284,12.35,138.00,-440.52,-13.30
299594,-3284,12.35,157.00,-440.85,-13.24
299619,-3284,12.35,183.00,-441.20,-13.86
299644,-3284,12.35,154.00,-441.53,-13.30
299669,-3284,12.35,141.00,-441.88,-13.86
299694,-3284,12.35,168.00,-442.21,-13.24
299719,-3284,12.35,147.00,-442.54,-13.30
299744,-3284,12.35,130.00,-442.89,-13.86
299769,-3284,12.35,175.00,-443.22,-13.24
299794,-3284,12.35,150.00,-443.56,-13.80
299819,-3749,12.35,147.00,-443.89,-13.24
299844,-3749,12.35,459.00,-444.23,-13.58
299869,-3749,12.35,387.00,-444.60,-14.64
299894,-3749,12.35,315.00,-444.96,-14.36
299919,-3749,12.35,274.00,-445.34,-15.20
299944,-3749,12.35,232.00,-445.71,-14.75
299969,-3749,12.35,217.00,-446.10,-15.54
299994,-3749,12.35,193.00,-446.47,-14.92
300019,-3749,12.35,194.00,-446.85,-15.03
300044,-3749,12.35,193.00,-447.24,-15.65
300069,-3749,12.35,201.00,-447.61,-15.09
300094,-3749,12.35,164.00,-448.01,-15.76
300119,-3749,12.35,177.00,-448.39,-15.09
300144,-3749,12.35,164.00,-448.76,-15.15
300169,-3749,12.35,180.00,-449.16,-15.76
300194,-3749,12.35,184.00,-449.54,-15.09
300219,-3749,12.35,159.00,-449.93,-15.76
300244,-3749,12.35,179.00,-450.31,-15.15
300269,-3749,12.35,184.00,-450.70,-15.82
300294,-3749,12.35,164.00,-451.08,-15.15
300319,-3749,12.35,175.00,-451.46,-15.15
300344,-3749,12.35,171.00,-451.86,-15.82
300369,-3749,12.35,163.00,-452.24,-15.20
300394,-3749,12.35,165.00,-452.63,-15.76
300419,-3749,12.35,153.00,-453.01,-15.20
300444,-3749,12.35,182.00,-453.39,-15.20
300469,-3749,12.35,165.00,-453.78,-15.76
300494,-3749,12.35,174.00,-454.16,-15.20
300519,-3749,12.35,161.00,-454.56,-15.82
300544,-3749,12.35,177.00,-454.94,-15.15
300569,-3749,12.35,178.00,-455.32,-15.20
300594,-3749,12.35,165.00,-455.71,-15.82
300619,-3749,12.35,180.00,-456.09,-15.15
300644,-3749,12.35,166.00,-456.49,-15.76
300669,-3749,12.35,183.00,-456.87,-15.20
300694,-3749,12.35,188.00,-457.26,-15.82
300719,-3749,12.35,159.00,-457.64,-15.15
300744,-3749,12.35,172.00,-458.02,-15.20
300769,-3749,12.35,163.00,-458.42,-15.82
300794,-3749,12.35,167.00,-458.80,-15.20
300819,-4024,12.35,176.00,-459.19,-15.82
300844,-4024,12.35,342.00,-459.58,-15.37
300869,-4024,12.35,303.00,-459.97,-15.60
300894,-4024,12.35,266.00,-460.38,-16.49
300919,-4024,12.35,248.00,-460.78,-15.93
300944,-4024,12.35,225.00,-461.20,-16.72
300969,-4024,12.35,189.00,-461.60,-16.16
300994,-4024,12.35,200.00,-462.02,-16.83
301019,-4024,12.35,202.00,-462.42,-16.16
301044,-4024,12.35,205.00,-462.83,-16.27
301069,-4024,12.35,191.00,-463.25,-16.89
301094,-4024,12.35,177.00,-463.66,-16.27
301119,-4024,12.35,186.00,-464.08,-16.94
301144,-4024,12.35,171.00,-464.49,-16.33
301169,-4024,12.35,179.00,-464.90,-16.27
301194,-4024,12.35,167.00,-465.32,-17.00
301219,-4024,12.35,174.00,-465.73,-16.33
301244,-4024,12.35,175.00,-466.15,-16.94
301269,-4024,12.35,186.00,-466.56,-16.33
301294,-4024,12.35,177.00,-466.99,-16.94
301319,-4024,12.35,185.00,-467.39,-16.33
301344,-4024,12.35,189.00,-467.80,-16.33
301369,-4024,12.35,194.00,-468.23,-16.94
301394,-4024,12.35,188.00,-468.63,-16.27
301419,-4024,12.35,182.00,-469.06,-17.00
301444,-4024,12.35,180.00,-469.46,-16.27
301469,-4024,12.35,183.00,-469.87,-16.33
301494,-4024,12.35,173.00,-470.30,-16.94
301519,-4024,12.35,192.00,-470.70,-16.33
301544,-4024,12.35,181.00,-471.13,-17.00
301569,-4024,12.35,194.00,-471.54,-16.33
301594,-4024,12.35,188.00,-471.94,-16.27
301619,-4024,12.35,184.00,-472.37,-17.00
301644,-4024,12.35,176.00,-472.78,-16.33
301669,-4024,12.35,170.00,-473.20,-16.94
301694,-4024,12.35,177.00,-473.61,-16.33
301719,-4024,12.35,171.00,-474.03,-17.00
301744,-4024,12.35,181.00,-474.44,-16.27
301769,-4024,12.35,173.00,-474.85,-16.27
301794,-4024,12.35,185.00,-475.27,-16.94
301819,-4093,12.35,185.00,-475.68,-16.27
301844,-4093,12.35,228.00,-476.10,-17.05
301869,-4093,12.35,204.00,-476.51,-16.38
301894,-4093,12.35,206.00,-476.93,-16.49
301919,-4093,12.35,208.00,-477.36,-17.17
301944,-4093,12.35,188.00,-477.77,-16.49
301969,-4093,12.35,201.00,-478.20,-17.22
301994,-4093,12.35,182.00,-478.61,-16.61
302019,-4093,12.35,190.00,-479.04,-17.22
302044,-4093,12.35,172.00,-479.46,-16.55
302069,-4093,12.35,197.00,-479.87,-16.61
302094,-4093,12.35,190.00,-480.30,-17.22
302119,-4093,12.35,188.00,-480.72,-16.55
302144,-4093,12.35,183.00,-481.15,-17.28
302169,-4093,12.35,183.00,-481.56,-16.55
302194,-4093,12.35,197.00,-481.98,-16.55
302219,-4093,12.35,179.00,-482.41,-17.28
302244,-4093,12.35,193.00,-482.82,-16.55
302269,-4093,12.35,177.00,-483.25,-17.28
302294,-4093,12.35,185.00,-483.67,-16.61
302319,-4093,12.35,175.00,-484.08,-16.61
302344,-4093,12.35,182.00,-484.52,-17.28
302369,-4093,12.35,195.00,-484.93,-16.55
302394,-4093,12.35,176.00,-485.36,-17.28
302419,-4093,12.35,190.00,-485.78,-16.61
302444,-4093,12.35,173.00,-486.21,-17.22
302469,-4093,12.35,194.00,-486.62,-16.61
302494,-4093,12.35,188.00,-487.04,-16.55
302519,-4093,12.35,198.00,-487.47,-17.28
302544,-4093,12.35,182.00,-487.88,-16.55
302569,-4093,12.35,184.00,-488.31,-17.28
302594,-4093,12.35,192.00,-488.73,-16.55
302619,-4093,12.35,177.00,-489.14,-16.61
302644,-4093,12.35,193.00,-489.57,-17.22
302669,-4093,12.35,181.00,-489.99,-16.61
302694,-4093,12.35,182.00,-490.42,-17.28
302719,-4093,12.35,183.00,-490.84,-16.66
302744,-4093,12.35,174.00,-491.27,-17.22
302769,-4093,12.35,192.00,-491.68,-16.61
302794,-4093,12.35,180.00,-492.10,-16.61
302819,-3950,12.35,189.00,-492.53,-17.22
302844,-3950,12.35,74.00,-492.94,-16.49
302869,-3950,12.35,122.00,-493.37,-17.05
302894,-3950,12.35,134.00,-493.77,-16.21
302919,-3950,12.35,151.00,-494.18,-16.16
302944,-3950,12.35,155.00,-494.60,-16.83
302969,-3950,12.35,148.00,-495.00,-16.10
302994,-3950,12.35,170.00,-495.42,-16.77
303019,-3950,12.35,169.00,-495.82,-15.99
303044,-3950,12.35,164.00,-496.22,-16.10
303069,-3950,12.35,185.00,-496.64,-16.66
303094,-3950,12.35,184.00,-497.04,-16.04
303119,-3950,12.35,169.00,-497.46,-16.72
303144,-3950,12.35,182.00,-497.86,-15.99
303169,-3950,12.35,175.00,-498.27,-16.72
303194,-3950,12.35,169.00,-498.67,-15.99
303219,-3950,12.35,182.00,-499.07,-15.99
303244,-3950,12.35,169.00,-499.49,-16.72
303269,-3950,12.35,189.00,-499.89,-15.93
303294,-3950,12.35,190.00,-500.31,-16.66
303319,-3950,12.35,181.00,-500.71,-15.99
303344,-3950,12.35,180.00,-501.11,-16.04
303369,-3950,12.35,174.00,-501.52,-16.66
303394,-3950,12.35,180.00,-501.92,-15.99
303419,-3950,12.35,167.00,-502.34,-16.72
303444,-3950,12.35,173.00,-502.74,-16.04
303469,-3950,12.35,188.00,-503.16,-16.66
303494,-3950,12.35,175.00,-503.56,-16.04
303519,-3950,12.35,184.00,-503.96,-15.99
303544,-3950,12.35,177.00,-504.38,-16.66
303569,-3950,12.35,162.00,-504.78,-16.04
303594,-3950,12.35,177.00,-505.19,-16.66
303619,-3950,12.35,170.00,-505.59,-15.99
303644,-3950,12.35,187.00,-505.99,-15.99
303669,-3950,12.35,183.00,-506.41,-16.66
303694,-3950,12.35,189.00,-506.81,-15.99
303719,-3950,12.35,181.00,-507.23,-16.66
303744,-3950,12.35,163.00,-507.63,-16.04
303769,-3950,12.35,176.00,-508.03,-15.99
303794,-3950,12.35,161.00,-508.45,-16.72
303819,-3602,12.35,178.00,-508.85,-15.99
303844,-3602,12.35,3.00,-509.26,-16.49
303869,-3602,12.35,-8.00,-509.64,-15.48
303894,-3602,12.35,66.00,-510.04,-15.82
303919,-3602,12.35,110.00,-510.42,-15.03
303944,-3602,12.35,106.00,-510.79,-14.87
303969,-3602,12.35,139.00,-511.17,-15.43
303994,-3602,12.35,144.00,-511.54,-14.75
304019,-3602,12.35,157.00,-511.92,-15.26
304044,-3602,12.35,152.00,-512.29,-14.64
304069,-3602,12.35,176.00,-512.66,-14.64
304094,-3602,12.35,171.00,-513.04,-15.26
304119,-3602,12.35,145.00,-513.40,-14.59
304144,-3602,12.35,176.00,-513.78,-15.26
304169,-3602,12.35,164.00,-514.15,-14.59
304194,-3602,12.35,147.00,-514.53,-15.20
304219,-3602,12.35,182.00,-514.89,-14.64
304244,-3602,12.35,167.00,-515.26,-14.64
304269,-3602,12.35,163.00,-515.64,-15.20
304294,-3602,12.35,172.00,-516.01,-14.59
304319,-3602,12.35,168.00,-516.39,-15.26
304344,-3602,12.35,157.00,-516.75,-14.59
304369,-3602,12.35,144.00,-517.12,-14.64
304394,-3602,12.35,164.00,-517.50,-15.20
304419,-3602,12.35,180.00,-517.86,-14.59
304444,-3602,12.35,152.00,-518.24,-15.20
304469,-3602,12.35,181.00,-518.61,-14.59
304494,-3602,12.35,167.00,-518.99,-15.15
304519,-3602,12.35,166.00,-519.35,-14.59
304544,-3602,12.35,141.00,-519.71,-14.59
304569,-3602,12.35,178.00,-520.09,-15.20
304594,-3602,12.35,158.00,-520.46,-14.59
304619,-3602,12.35,155.00,-520.84,-15.20
304644,-3602,12.35,176.00,-521.20,-14.59
304669,-3602,12.35,166.00,-521.57,-14.64
304694,-3602,12.35,172.00,-521.95,-15.20
304719,-3602,12.35,166.00,-522.32,-14.59
304744,-3602,12.35,176.00,-522.70,-15.26
304769,-3602,12.35,168.00,-523.06,-14.59
304794,-3602,12.35,156.00,-523.43,-14.59
304819,-3063,12.35,165.00,-523.81,-15.20
304844,-3063,12.35,-32.00,-524.16,-14.31
304869,-3063,12.35,16.00,-524.52,-14.42
304894,-3063,12.35,-3.00,-524.86,-13.52
304919,-3063,12.35,0.00,-525.21,-13.74
304944,-3063,12.35,-4.00,-525.53,-12.90
304969,-3063,12.35,109.00,-525.84,-12.62
304994,-3063,12.35,114.00,-526.17,-13.13
305019,-3063,12.35,141.00,-526.48,-12.45
305044,-3063,12.35,114.00,-526.81,-13.02
305069,-3063,12.35,146.00,-527.12,-12.45
305094,-3063,12.35,166.00,-527.43,-12.40
305119,-3063,12.35,145.00,-527.75,-12.90
305144,-3063,12.35,124.00,-528.06,-12.40
305169,-3063,12.35,140.00,-528.39,-12.96
305194,-3063,12.35,154.00,-528.70,-12.34
305219,-3063,12.35,158.00,-529.02,-12.90
305244,-3063,12.35,154.00,-529.33,-12.40
305269,-3063,12.35,173.00,-529.64,-12.40
305294,-3063,12.35,169.00,-529.96,-12.85
305319,-3063,12.35,169.00,-530.27,-12.40
305344,-3063,12.35,152.00,-530.59,-12.85
305369,-3063,12.35,158.00,-530.90,-12.40
305394,-3063,12.35,140.00,-531.21,-12.34
305419,-3063,12.35,160.00,-531.53,-12.85
305444,-3063,12.35,174.00,-531.84,-12.34
305469,-3063,12.35,177.00,-532.16,-12.90
305494,-3063,12.35,169.00,-532.47,-12.34
305519,-3063,12.35,149.00,-532.78,-12.34
305544,-3063,12.35,141.00,-533.10,-12.90
305569,-3063,12.35,128.00,-533.41,-12.34
305594,-3063,12.35,156.00,-533.73,-12.90
305619,-3063,12.35,168.00,-534.04,-12.34
305644,-3063,12.35,169.00,-534.36,-12.90
305669,-3063,12.35,160.00,-534.67,-12.34
305694,-3063,12.35,148.00,-534.98,-12.40
305719,-3063,12.35,133.00,-535.30,-12.85
305744,-3063,12.35,131.00,-535.61,-12.34
305769,-3063,12.35,155.00,-535.93,-12.90
305794,-3063,12.35,178.00,-536.24,-12.34
305819,-2360,12.35,175.00,-536.55,-12.34
305844,-2360,12.35,-132.00,-536.86,-12.45
305869,-2360,12.35,-37.00,-537.14,-11.28
305894,-2360,12.35,-9.00,-537.43,-11.39
305919,-2360,12.35,18.00,-537.69,-10.55
305944,-2360,12.35,12.00,-537.96,-10.66
305969,-2360,12.35,48.00,-538.21,-9.93
305994,-2360,12.35,96.00,-538.45,-9.65
306019,-2360,12.35,111.00,-538.70,-10.04
306044,-2360,12.35,107.00,-538.94,-9.54
306069,-2360,12.35,112.00,-539.18,-9.87
306094,-2360,12.35,117.00,-539.42,-9.48
306119,-2360,12.35,115.00,-539.66,-9.54
306144,-2360,12.35,93.00,-539.91,-9.87
306169,-2360,12.35,129.00,-540.14,-9.48
306194,-2360,12.35,146.00,-540.39,-9.87
306219,-2360,12.35,113.00,-540.63,-9.48
306244,-2360,12.35,139.00,-540.86,-9.48
306269,-2360,12.35,113.00,-541.11,-9.87
306294,-2360,12.35,115.00,-541.35,-9.48
306319,-2360,12.35,164.00,-541.60,-9.87
306344,-2360,12.35,126.00,-541.83,-9.48
306369,-2360,12.35,119.00,-542.08,-9.87
306394,-2360,12.35,151.00,-542.32,-9.48
306419,-2360,12.35,123.00,-542.55,-9.48
306444,-2360,12.35,108.00,-542.80,-9.82
306469,-2360,12.35,117.00,-543.04,-9.48
306494,-2360,12.35,118.00,-543.28,-9.82
306519,-2360,12.35,153.00,-543.52,-9.48
306544,-2360,12.35,104.00,-543.75,-9.42
306569,-2360,12.35,147.00,-544.00,-9.87
306594,-2360,12.35,112.00,-544.24,-9.48
306619,-2360,12.35,132.00,-544.48,-9.82
306644,-2360,12.35,129.00,-544.72,-9.48
306669,-2360,12.35,102.00,-544.97,-9.87
306694,-2360,12.35,139.00,-545.20,-9.48
306719,-2360,12.35,111.00,-545.44,-9.48
306744,-2360,12.35,118.00,-545.69,-9.87
306769,-2360,12.35,139.00,-545.92,-9.42
306794,-2360,12.35,118.00,-546.17,-9.87
306819,-1530,12.35,137.00,-546.41,-9.48
306844,-1530,12.35,-115.00,-546.63,-8.86
306869,-1530,12.35,-32.00,-546.84,-8.41
306894,-1530,12.35,16.00,-547.03,-7.52
306919,-1530,12.35,6.00,-547.21,-7.46
306944,-1530,12.35,17.00,-547.38,-6.84
306969,-1530,12.35,10.00,-547.55,-6.51
306994,-1530,12.35,64.00,-547.71,-6.51
307019,-1530,12.35,80.00,-547.86,-6.17
307044,-1530,12.35,73.00,-548.02,-6.40
307069,-1530,12.35,88.00,-548.18,-6.11
307094,-1530,12.35,83.00,-548.33,-6.28
307119,-1530,12.35,105.00,-548.49,-6.06
307144,-1530,12.35,88.00,-548.64,-6.06
307169,-1530,12.35,86.00,-548.79,-6.23
307194,-1530,12.35,97.00,-548.94,-6.06
307219,-1530,12.35,80.00,-549.10,-6.28
307244,-1530,12.35,79.00,-549.25,-6.00
307269,-1530,12.35,94.00,-549.40,-6.06
307294,-1530,12.35,85.00,-549.56,-6.23
307319,-1530,12.35,90.00,-549.71,-6.06
307344,-1530,12.35,87.00,-549.87,-6.23
307369,-1530,12.35,94.00,-550.02,-6.00
307394,-1530,12.35,87.00,-550.17,-6.28
307419,-1530,12.35,97.00,-550.32,-6.06
307444,-1530,12.35,79.00,-550.47,-6.00
307469,-1530,12.35,82.00,-550.63,-6.28
307494,-1530,12.35,99.00,-550.78,-6.06
307519,-1530,12.35,90.00,-550.94,-6.28
307544,-1530,12.35,101.00,-551.09,-6.06
307569,-1530,12.35,105.00,-551.24,-6.00
307594,-1530,12.35,96.00,-551.40,-6.28
307619,-1530,12.35,97.00,-551.55,-6.06
307644,-1530,12.35,83.00,-551.71,-6.28
307669,-1530,12.35,87.00,-551.86,-6.06
307694,-1530,12.35,90.00,-552.02,-6.28
307719,-1530,12.35,74.00,-552.17,-6.06
307744,-1530,12.35,76.00,-552.32,-6.06
307769,-1530,12.35,97.00,-552.48,-6.28
307794,-1530,12.35,80.00,-552.63,-6.06
307819,-615,12.35,86.00,-552.78,-6.28
307844,-615,12.35,-65.00,-552.92,-5.33
307869,-615,12.35,-25.00,-553.02,-4.10
307894,-615,12.35,-3.00,-553.11,-3.53
307919,-615,12.35,11.00,-553.18,-2.97
307944,-615,12.35,18.00,-553.25,-2.75
307969,-615,12.35,42.00,-553.31,-2.47
307994,-615,12.35,35.00,-553.37,-2.36
308019,-615,12.35,37.00,-553.43,-2.47
308044,-615,12.35,30.00,-553.49,-2.30
308069,-615,12.35,29.00,-553.55,-2.41
308094,-615,12.35,35.00,-553.61,-2.24
308119,-615,12.35,38.00,-553.67,-2.36
308144,-615,12.35,44.00,-553.72,-2.30
308169,-615,12.35,40.00,-553.78,-2.24
308194,-615,12.35,32.00,-553.84,-2.41
308219,-615,12.35,30.00,-553.90,-2.24
308244,-615,12.35,39.00,-553.96,-2.36
308269,-615,12.35,42.00,-554.01,-2.30
308294,-615,12.35,43.00,-554.07,-2.24
308319,-615,12.35,38.00,-554.13,-2.36
308344,-615,12.35,38.00,-554.19,-2.30
308369,-615,12.35,41.00,-554.24,-2.36
308394,-615,12.35,41.00,-554.30,-2.24
308419,-615,12.35,32.00,-554.36,-2.36
308444,-615,12.35,30.00,-554.42,-2.30
308469,-615,12.35,40.00,-554.47,-2.24
308494,-615,12.35,43.00,-554.53,-2.36
308519,-615,12.35,43.00,-554.59,-2.30
308544,-615,12.35,35.00,-554.65,-2.36
308569,-615,12.35,30.00,-554.70,-2.24
308594,-615,12.35,37.00,-554.76,-2.30
308619,-615,12.35,43.00,-554.82,-2.36
308644,-615,12.35,41.00,-554.88,-2.24
308669,-615,12.35,38.00,-554.94,-2.41
308694,-615,12.35,40.00,-554.99,-2.24
308719,-615,12.35,47.00,-555.05,-2.24
308744,-615,12.35,44.00,-555.11,-2.41
308769,-615,12.35,36.00,-555.17,-2.24
308794,-615,12.35,30.00,-555.22,-2.36
308819,336,12.35,39.00,-555.28,-2.24
308844,336,12.35,81.00,-555.31,-1.35
308869,336,12.35,47.00,-555.31,0.00
308894,336,12.35,39.00,-555.30,0.56
308919,336,12.35,29.00,-555.28,0.84
308944,336,12.35,32.00,-555.26,0.90
308969,336,12.35,24.00,-555.23,1.07
308994,336,12.35,23.00,-555.20,1.07
309019,336,12.35,26.00,-555.18,1.12
309044,336,12.35,27.00,-555.15,1.12
309069,336,12.35,27.00,-555.12,1.12
309094,336,12.35,24.00,-555.09,1.18
309119,336,12.35,23.00,-555.06,1.12
309144,336,12.35,22.00,-555.03,1.18
309169,336,12.35,25.00,-555.01,1.07
309194,336,12.35,27.00,-554.98,1.12
309219,336,12.35,22.00,-554.95,1.18
309244,336,12.35,24.00,-554.92,1.12
309269,336,12.35,26.00,-554.89,1.18
309294,336,12.35,27.00,-554.86,1.12
309319,336,12.35,28.00,-554.83,1.12
309344,336,12.35,28.00,-554.81,1.12
309369,336,12.35,27.00,-554.78,1.12
309394,336,12.35,21.00,-554.75,1.18
309419,336,12.35,20.00,-554.72,1.12
309444,336,12.35,23.00,-554.69,1.12
309469,336,12.35,25.00,-554.66,1.18
309494,336,12.35,30.00,-554.64,1.12
309519,336,12.35,30.00,-554.61,1.18
309544,336,12.35,24.00,-554.58,1.07
309569,336,12.35,25.00,-554.55,1.18
309594,336,12.35,29.00,-554.52,1.12
309619,336,12.35,28.00,-554.49,1.12
309644,336,12.35,26.00,-554.47,1.12
309669,336,12.35,25.00,-554.44,1.12
309694,336,12.35,23.00,-554.41,1.18
309719,336,12.35,24.00,-554.38,1.12
309744,336,12.35,27.00,-554.35,1.07
309769,336,12.35,29.00,-554.32,1.18
309794,336,12.35,25.00,-554.30,1.12
309819,1272,12.35,24.00,-554.27,1.12
309844,1272,12.35,349.00,-554.22,1.96
309869,1272,12.35,222.00,-554.13,3.37
309894,1272,12.35,162.00,-554.04,3.98
309919,1272,12.35,148.00,-553.93,4.38
309944,1272,12.35,106.00,-553.80,4.88
309969,1272,12.35,97.00,-553.68,4.82
309994,1272,12.35,88.00,-553.56,5.11
310019,1272,12.35,72.00,-553.43,4.94
310044,1272,12.35,83.00,-553.31,5.05
310069,1272,12.35,81.00,-553.18,5.22
310094,1272,12.35,86.00,-553.05,5.05
310119,1272,12.35,95.00,-552.92,5.22
310144,1272,12.35,79.00,-552.79,5.05
310169,1272,12.35,82.00,-552.67,5.05
310194,1272,12.35,77.00,-552.53,5.27
310219,1272,12.35,75.00,-552.41,5.05
310244,1272,12.35,85.00,-552.28,5.27
310269,1272,12.35,69.00,-552.15,5.05
310294,1272,12.35,77.00,-552.02,5.27
310319,1272,12.35,81.00,-551.89,5.05
310344,1272,12.35,77.00,-551.77,5.05
310369,1272,12.35,68.00,-551.63,5.27
310394,1272,12.35,76.00,-551.51,5.05
310419,1272,12.35,78.00,-551.38,5.22
310444,1272,12.35,93.00,-551.25,5.11
310469,1272,12.35,69.00,-551.12,5.05
310494,1272,12.35,79.00,-550.99,5.22
310519,1272,12.35,89.00,-550.87,5.05
310544,1272,12.35,77.00,-550.74,5.27
310569,1272,12.35,83.00,-550.61,5.05
310594,1272,12.35,78.00,-550.48,5.27
310619,1272,12.35,67.00,-550.35,5.05
310644,1272,12.35,75.00,-550.22,5.05
310669,1272,12.35,75.00,-550.09,5.27
310694,1272,12.35,89.00,-549.97,5.05
310719,1272,12.35,85.00,-549.83,5.27
310744,1272,12.35,69.00,-549.71,5.05
310769,1272,12.35,92.00,-549.58,5.05
310794,1272,12.35,88.00,-549.45,5.27
310819,2142,12.35,65.00,-549.32,5.05
310844,2142,12.35,485.00,-549.17,6.00
310869,2142,12.35,358.00,-549.00,6.84
310894,2142,12.35,274.00,-548.81,7.85
310919,2142,12.35,227.00,-548.61,7.97
310944,2142,12.35,160.00,-548.40,8.30
310969,2142,12.35,168.00,-548.18,8.81
310994,2142,12.35,152.00,-547.97,8.53
311019,2142,12.35,143.00,-547.74,8.98
311044,2142,12.35,152.00,-547.52,8.70
311069,2142,12.35,148.00,-547.31,8.70
311094,2142,12.35,154.00,-547.08,9.09
311119,2142,12.35,123.00,-546.86,8.75
311144,2142,12.35,112.00,-546.63,9.09
311169,2142,12.35,148.00,-546.42,8.75
311194,2142,12.35,121.00,-546.20,8.81
311219,2142,12.35,105.00,-545.97,9.14
311244,2142,12.35,143.00,-545.75,8.75
311269,2142,12.35,111.00,-545.52,9.14
311294,2142,12.35,113.00,-545.30,8.81
311319,2142,12.35,124.00,-545.07,9.09
311344,2142,12.35,97.00,-544.85,8.81
311369,2142,12.35,135.00,-544.63,8.81
311394,2142,12.35,147.00,-544.40,9.09
311419,2142,12.35,94.00,-544.18,8.81
311444,2142,12.35,124.00,-543.96,9.14
311469,2142,12.35,139.00,-543.74,8.75
311494,2142,12.35,111.00,-543.52,8.81
311519,2142,12.35,160.00,-543.29,9.14
311544,2142,12.35,108.00,-543.07,8.75
311569,2142,12.35,131.00,-542.84,9.20
311594,2142,12.35,153.00,-542.62,8.75
311619,2142,12.35,93.00,-542.39,9.14
311644,2142,12.35,163.00,-542.17,8.81
311669,2142,12.35,106.00,-541.95,8.75
311694,2142,12.35,134.00,-541.72,9.20
311719,2142,12.35,117.00,-541.50,8.75
311744,2142,12.35,109.00,-541.28,9.14
311769,2142,12.35,138.00,-541.06,8.81
311794,2142,12.35,116.00,-540.84,8.75
311819,2896,12.35,110.00,-540.61,9.14
311844,2896,12.35,526.00,-540.38,9.31
311869,2896,12.35,386.00,-540.11,10.66
311894,2896,12.35,338.00,-539.84,10.77
311919,2896,12.35,297.00,-539.56,11.22
311944,2896,12.35,254.00,-539.26,11.95
311969,2896,12.35,172.00,-538.97,11.67
311994,2896,12.35,187.00,-538.66,12.23
312019,2896,12.35,158.00,-538.37,11.89
312044,2896,12.35,208.00,-538.06,12.40
312069,2896,12.35,148.00,-537.76,11.95
312094,2896,12.35,168.00,-537.46,11.95
312119,2896,12.35,198.00,-537.15,12.45
312144,2896,12.35,139.00,-536.85,12.01
312169,2896,12.35,154.00,-536.53,12.51
312194,2896,12.35,135.00,-536.23,12.01
312219,2896,12.35,156.00,-535.93,12.06
312244,2896,12.35,150.00,-535.62,12.51
312269,2896,12.35,195.00,-535.32,12.01
312294,2896,12.35,163.00,-535.00,12.57
312319,2896,12.35,156.00,-534.70,12.01
312344,2896,12.35,123.00,-534.39,12.51
312369,2896,12.35,128.00,-534.09,12.01
312394,2896,12.35,155.00,-533.79,12.01
312419,2896,12.35,177.00,-533.48,12.51
312444,2896,12.35,174.00,-533.18,12.01
312469,2896,12.35,182.00,-532.86,12.57
312494,2896,12.35,145.00,-532.56,12.01
312519,2896,12.35,140.00,-532.26,12.01
312544,2896,12.35,148.00,-531.95,12.51
312569,2896,12.35,159.00,-531.65,12.06
312594,2896,12.35,164.00,-531.34,12.51
312619,2896,12.35,171.00,-531.04,12.01
312644,2896,12.35,174.00,-530.74,12.06
312669,2896,12.35,164.00,-530.42,12.51
312694,2896,12.35,140.00,-530.12,12.01
312719,2896,12.35,116.00,-529.81,12.51
312744,2896,12.35,138.00,-529.51,12.06
312769,2896,12.35,142.00,-529.20,12.51
312794,2896,12.35,157.00,-528.90,12.01
312819,3493,12.35,168.00,-528.59,12.06
312844,3493,12.35,556.00,-528.27,12.90
312869,3493,12.35,419.00,-527.94,13.13
312894,3493,12.35,338.00,-527.59,14.08
312919,3493,12.35,289.00,-527.25,13.80
312944,3493,12.35,255.00,-526.90,14.02
312969,3493,12.35,214.00,-526.53,14.81
312994,3493,12.35,222.00,-526.17,14.31
313019,3493,12.35,180.00,-525.79,14.98
313044,3493,12.35,187.00,-525.43,14.42
313069,3493,12.35,170.00,-525.05,15.15
313094,3493,12.35,158.00,-524.69,14.47
313119,3493,12.35,166.00,-524.33,14.53
313144,3493,12.35,199.00,-523.95,15.20
313169,3493,12.35,201.00,-523.59,14.53
313194,3493,12.35,179.00,-523.21,15.20
313219,3493,12.35,167.00,-522.84,14.59
313244,3493,12.35,194.00,-522.48,14.59
313269,3493,12.35,216.00,-522.09,15.26
313294,3493,12.35,177.00,-521.73,14.59
313319,3493,12.35,167.00,-521.35,15.20
313344,3493,12.35,208.00,-520.99,14.59
313369,3493,12.35,189.00,-520.62,14.64
313394,3493,12.35,151.00,-520.24,15.20
313419,3493,12.35,201.00,-519.87,14.59
313444,3493,12.35,186.00,-519.49,15.26
313469,3493,12.35,171.00,-519.13,14.64
313494,3493,12.35,192.00,-518.75,15.20
313519,3493,12.35,163.00,-518.38,14.64
313544,3493,12.35,178.00,-518.01,14.64
313569,3493,12.35,185.00,-517.63,15.20
313594,3493,12.35,149.00,-517.27,14.64
313619,3493,12.35,167.00,-516.89,15.20
313644,3493,12.35,217.00,-516.52,14.64
313669,3493,12.35,148.00,-516.16,14.64
313694,3493,12.35,172.00,-515.78,15.26
313719,3493,12.35,165.00,-515.41,14.59
313744,3493,12.35,171.00,-515.03,15.20
313769,3493,12.35,171.00,-514.66,14.64
313794,3493,12.35,173.00,-514.28,15.20
313819,3898,12.35,164.00,-513.92,14.64
313844,3898,12.35,450.00,-513.55,14.87
313869,3898,12.35,384.00,-513.15,15.93
313894,3898,12.35,329.00,-512.76,15.60
313919,3898,12.35,301.00,-512.35,16.49
313944,3898,12.35,257.00,-511.95,15.99
313969,3898,12.35,236.00,-511.54,16.16
313994,3898,12.35,231.00,-511.12,16.83
314019,3898,12.35,201.00,-510.72,16.27
314044,3898,12.35,209.00,-510.29,17.00
314069,3898,12.35,200.00,-509.88,16.33
314094,3898,12.35,191.00,-509.46,17.05
314119,3898,12.35,207.00,-509.05,16.38
314144,3898,12.35,192.00,-508.64,16.38
314169,3898,12.35,199.00,-508.21,17.05
314194,3898,12.35,182.00,-507.80,16.38
314219,3898,12.35,190.00,-507.37,17.11
314244,3898,12.35,208.00,-506.96,16.38
314269,3898,12.35,205.00,-506.55,16.44
314294,3898,12.35,171.00,-506.13,17.05
314319,3898,12.35,196.00,-505.72,16.44
314344,3898,12.35,187.00,-505.29,17.11
314369,3898,12.35,191.00,-504.88,16.38
314394,3898,12.35,179.00,-504.47,16.44
314419,3898,12.35,210.00,-504.04,17.11
314444,3898,12.35,204.00,-503.63,16.44
314469,3898,12.35,190.00,-503.20,17.11
314494,3898,12.35,202.00,-502.79,16.44
314519,3898,12.35,199.00,-502.36,17.11
314544,3898,12.35,169.00,-501.95,16.38
314569,3898,12.35,187.00,-501.54,16.38
314594,3898,12.35,188.00,-501.11,17.11
314619,3898,12.35,177.00,-500.70,16.44
314644,3898,12.35,176.00,-500.28,17.11
314669,3898,12.35,197.00,-499.87,16.38
314694,3898,12.35,208.00,-499.46,16.44
314719,3898,12.35,187.00,-499.03,17.11
314744,3898,12.35,203.00,-498.62,16.38
314769,3898,12.35,199.00,-498.19,17.11
314794,3898,12.35,169.00,-497.78,16.44
314819,4084,12.35,189.00,-497.35,17.11
314844,4084,12.35,316.00,-496.94,16.55
314869,4084,12.35,302.00,-496.52,16.72
314894,4084,12.35,271.00,-496.08,17.56
314919,4084,12.35,246.00,-495.66,16.94
314944,4084,12.35,219.00,-495.21,17.73
314969,4084,12.35,227.00,-494.79,17.05
314994,4084,12.35,226.00,-494.36,17.11
315019,4084,12.35,201.00,-493.91,17.90
315044,4084,12.35,220.00,-493.48,17.17
315069,4084,12.35,208.00,-493.04,17.90
315094,4084,12.35,212.00,-492.61,17.17
315119,4084,12.35,198.00,-492.18,17.22
315144,4084,12.35,206.00,-491.73,17.90
315169,4084,12.35,202.00,-491.30,17.22
315194,4084,12.35,203.00,-490.85,17.95
315219,4084,12.35,208.00,-490.42,17.22
315244,4084,12.35,216.00,-489.97,17.90
315269,4084,12.35,205.00,-489.54,17.22
315294,4084,12.35,194.00,-489.11,17.22
315319,4084,12.35,196.00,-488.66,17.95
315344,4084,12.35,197.00,-488.23,17.22
315369,4084,12.35,203.00,-487.78,17.95
315394,4084,12.35,199.00,-487.35,17.28
315419,4084,12.35,195.00,-486.92,17.22
315444,4084,12.35,194.00,-486.47,17.90
315469,4084,12.35,186.00,-486.04,17.22
315494,4084,12.35,199.00,-485.59,17.95
315519,4084,12.35,187.00,-485.16,17.22
315544,4084,12.35,204.00,-484.71,17.95
315569,4084,12.35,196.00,-484.28,17.22
315594,4084,12.35,206.00,-483.85,17.22
315619,4084,12.35,196.00,-483.40,17.95
315644,4084,12.35,201.00,-482.98,17.17
315669,4084,12.35,205.00,-482.53,17.95
315694,4084,12.35,188.00,-482.10,17.22
315719,4084,12.35,203.00,-481.67,17.22
315744,4084,12.35,199.00,-481.22,17.95
315769,4084,12.35,215.00,-480.79,17.17
315794,4084,12.35,195.00,-480.34,17.95
315819,4041,12.35,199.00,-479.91,17.22
315844,4041,12.35,169.00,-479.48,17.22
315869,4041,12.35,186.00,-479.03,17.84
315894,4041,12.35,167.00,-478.60,17.11
315919,4041,12.35,189.00,-478.16,17.84
315944,4041,12.35,185.00,-477.73,17.05
315969,4041,12.35,191.00,-477.29,17.73
315994,4041,12.35,200.00,-476.86,17.05
316019,4041,12.35,192.00,-476.44,17.00
316044,4041,12.35,181.00,-475.99,17.73
316069,4041,12.35,199.00,-475.57,17.00
316094,4041,12.35,206.00,-475.13,17.73
316119,4041,12.35,199.00,-474.70,17.00
316144,4041,12.35,203.00,-474.27,17.05
316169,4041,12.35,198.00,-473.83,17.67
316194,4041,12.35,202.00,-473.41,17.05
316219,4041,12.35,194.00,-472.96,17.73
316244,4041,12.35,204.00,-472.54,17.00
316269,4041,12.35,184.00,-472.09,17.73
316294,4041,12.35,206.00,-471.67,17.05
316319,4041,12.35,202.00,-471.24,16.94
316344,4041,12.35,202.00,-470.80,17.73
316369,4041,12.35,208.00,-470.38,17.00
316394,4041,12.35,199.00,-469.93,17.73
316419,4041,12.35,198.00,-469.51,17.00
316444,4041,12.35,183.00,-469.08,17.05
316469,4041,12.35,189.00,-468.64,17.73
316494,4041,12.35,206.00,-468.21,17.00
316519,4041,12.35,202.00,-467.77,17.67
316544,4041,12.35,204.00,-467.35,17.00
316569,4041,12.35,188.00,-466.92,17.00
316594,4041,12.35,195.00,-466.48,17.73
316619,4041,12.35,189.00,-466.05,17.00
316644,4041,12.35,208.00,-465.61,17.73
316669,4041,12.35,178.00,-465.18,17.05
316694,4041,12.35,185.00,-464.74,17.73
316719,4041,12.35,221.00,-464.32,16.94
316744,4041,12.35,202.00,-463.89,17.00
316769,4041,12.35,210.00,-463.45,17.73
316794,4041,12.35,186.00,-463.02,17.00
316819,3769,12.35,211.00,-462.58,17.73
316844,3769,12.35,9.00,-462.16,16.89
316869,3769,12.35,59.00,-461.75,16.49
316894,3769,12.35,102.00,-461.32,17.05
316919,3769,12.35,123.00,-460.92,16.21
316944,3769,12.35,148.00,-460.50,16.77
316969,3769,12.35,146.00,-460.09,16.04
316994,3769,12.35,177.00,-459.68,16.61
317019,3769,12.35,183.00,-459.28,15.93
317044,3769,12.35,191.00,-458.88,15.88
317069,3769,12.35,175.00,-458.47,16.49
317094,3769,12.35,174.00,-458.08,15.88
317119,3769,12.35,195.00,-457.66,16.49
317144,3769,12.35,177.00,-457.27,15.88
317169,3769,12.35,204.00,-456.87,15.82
317194,3769,12.35,181.00,-456.46,16.49
317219,3769,12.35,179.00,-456.06,15.82
317244,3769,12.35,200.00,-455.65,16.49
317269,3769,12.35,168.00,-455.25,15.82
317294,3769,12.35,185.00,-454.84,16.49
317319,3769,12.35,198.00,-454.45,15.82
317344,3769,12.35,175.00,-454.05,15.82
317369,3769,12.35,182.00,-453.64,16.49
317394,3769,12.35,198.00,-453.24,15.82
317419,3769,12.35,163.00,-452.83,16.49
317444,3769,12.35,195.00,-452.44,15.82
317469,3769,12.35,217.00,-452.04,15.76
317494,3769,12.35,172.00,-451.63,16.49
317519,3769,12.35,174.00,-451.23,15.82
317544,3769,12.35,210.00,-450.82,16.44
317569,3769,12.35,198.00,-450.43,15.82
317594,3769,12.35,172.00,-450.03,15.82
317619,3769,12.35,189.00,-449.62,16.49
317644,3769,12.35,179.00,-449.22,15.82
317669,3769,12.35,189.00,-448.81,16.44
317694,3769,12.35,191.00,-448.42,15.82
317719,3769,12.35,195.00,-448.01,16.49
317744,3769,12.35,185.00,-447.61,15.82
317769,3769,12.35,197.00,-447.21,15.82
317794,3769,12.35,182.00,-446.80,16.49
317819,3279,12.35,185.00,-446.41,15.82
317844,3279,12.35,-50.00,-446.00,16.16
317869,3279,12.35,-9.00,-445.63,15.09
317894,3279,12.35,19.00,-445.26,14.75
317919,3279,12.35,20.00,-444.88,14.98
317944,3279,12.35,117.00,-444.53,14.08
317969,3279,12.35,140.00,-444.17,14.53
317994,3279,12.35,133.00,-443.82,13.91
318019,3279,12.35,152.00,-443.46,14.36
318044,3279,12.35,145.00,-443.11,13.80
318069,3279,12.35,131.00,-442.77,13.69
318094,3279,12.35,159.00,-442.41,14.31
318119,3279,12.35,165.00,-442.07,13.74
318144,3279,12.35,180.00,-441.71,14.25
318169,3279,12.35,173.00,-441.37,13.69
318194,3279,12.35,179.00,-441.03,13.69
318219,3279,12.35,169.00,-440.67,14.25
318244,3279,12.35,182.00,-440.33,13.69
318269,3279,12.35,201.00,-439.98,14.25
318294,3279,12.35,186.00,-439.63,13.69
318319,3279,12.35,191.00,-439.29,13.69
318344,3279,12.35,176.00,-438.94,14.25
318369,3279,12.35,185.00,-438.59,13.69
318394,3279,12.35,180.00,-438.24,14.19
318419,3279,12.35,199.00,-437.90,13.69
318444,3279,12.35,188.00,-437.54,14.31
318469,3279,12.35,186.00,-437.20,13.69
318494,3279,12.35,186.00,-436.85,13.69
318519,3279,12.35,173.00,-436.50,14.25
318544,3279,12.35,174.00,-436.16,13.69
318569,3279,12.35,190.00,-435.80,14.25
318594,3279,12.35,188.00,-435.46,13.69
318619,3279,12.35,159.00,-435.11,13.69
318644,3279,12.35,160.00,-434.76,14.25
318669,3279,12.35,170.00,-434.42,13.69
318694,3279,12.35,166.00,-434.06,14.25
318719,3279,12.35,186.00,-433.72,13.69
318744,3279,12.35,189.00,-433.36,14.19
318769,3279,12.35,160.00,-433.02,13.69
318794,3279,12.35,154.00,-432.68,13.69
318819,2600,12.35,176.00,-432.32,14.19
318844,2600,12.35,-41.00,-431.99,13.30
318869,2600,12.35,4.00,-431.66,13.18
318894,2600,12.35,28.00,-431.35,12.29
318919,2600,12.35,49.00,-431.06,11.95
318944,2600,12.35,-26.00,-430.75,12.06
318969,2600,12.35,48.00,-430.48,11.16
318994,2600,12.35,126.00,-430.19,11.44
319019,2600,12.35,76.00,-429.92,10.88
319044,2600,12.35,86.00,-429.65,10.88
319069,2600,12.35,90.00,-429.36,11.28
319094,2600,12.35,106.00,-429.09,10.83
319119,2600,12.35,184.00,-428.81,11.22
319144,2600,12.35,124.00,-428.54,10.77
319169,2600,12.35,177.00,-428.26,11.22
319194,2600,12.35,144.00,-427.99,10.77
319219,2600,12.35,116.00,-427.73,10.72
319244,2600,12.35,183.00,-427.44,11.22
319269,2600,12.35,138.00,-427.18,10.72
319294,2600,12.35,156.00,-426.90,11.22
319319,2600,12.35,172.00,-426.63,10.72
319344,2600,12.35,108.00,-426.36,10.77
319369,2600,12.35,150.00,-426.08,11.22
319394,2600,12.35,154.00,-425.81,10.77
319419,2600,12.35,103.00,-425.53,11.16
319444,2600,12.35,149.00,-425.26,10.77
319469,2600,12.35,161.00,-424.98,11.22
319494,2600,12.35,119.00,-424.71,10.77
319519,2600,12.35,137.00,-424.44,10.77
319544,2600,12.35,121.00,-424.16,11.22
319569,2600,12.35,144.00,-423.89,10.77
319594,2600,12.35,169.00,-423.61,11.22
319619,2600,12.35,152.00,-423.34,10.77
319644,2600,12.35,132.00,-423.07,10.77
319669,2600,12.35,170.00,-422.79,11.22
319694,2600,12.35,176.00,-422.52,10.77
319719,2600,12.35,136.00,-422.24,11.16
319744,2600,12.35,165.00,-421.97,10.77
319769,2600,12.35,164.00,-421.71,10.77
319794,2600,12.35,122.00,-421.43,11.16
319819,1767,12.35,154.00,-421.16,10.77
319844,1767,12.35,-109.00,-420.89,10.60
319869,1767,12.35,-35.00,-420.66,9.31
319894,1767,12.35,17.00,-420.43,9.20
319919,1767,12.35,31.00,-420.22,8.47
319944,1767,12.35,37.00,-420.01,8.13
319969,1767,12.35,33.00,-419.81,8.08
319994,1767,12.35,63.00,-419.63,7.46
320019,1767,12.35,101.00,-419.43,7.69
320044,1767,12.35,90.00,-419.25,7.35
320069,1767,12.35,101.00,-419.07,7.24
320094,1767,12.35,100.00,-418.88,7.52
320119,1767,12.35,93.00,-418.70,7.24
320144,1767,12.35,95.00,-418.51,7.52
320169,1767,12.35,101.00,-418.33,7.18
320194,1767,12.35,118.00,-418.14,7.52
320219,1767,12.35,102.00,-417.97,7.18
320244,1767,12.35,91.00,-417.79,7.18
320269,1767,12.35,112.00,-417.60,7.46
320294,1767,12.35,87.00,-417.42,7.24
320319,1767,12.35,100.00,-417.23,7.46
320344,1767,12.35,117.00,-417.05,7.18
320369,1767,12.35,103.00,-416.87,7.18
320394,1767,12.35,97.00,-416.69,7.46
320419,1767,12.35,106.00,-416.51,7.18
320444,1767,12.35,115.00,-416.32,7.52
320469,1767,12.35,104.00,-416.14,7.18
320494,1767,12.35,114.00,-415.95,7.46
320519,1767,12.35,123.00,-415.77,7.18
320544,1767,12.35,109.00,-415.59,7.18
320569,1767,12.35,105.00,-415.41,7.46
320594,1767,12.35,108.00,-415.23,7.18
320619,1767,12.35,114.00,-415.04,7.52
320644,1767,12.35,116.00,-414.86,7.12
320669,1767,12.35,121.00,-414.68,7.18
320694,1767,12.35,110.00,-414.50,7.46
320719,1767,12.35,106.00,-414.32,7.18
320744,1767,12.35,113.00,-414.13,7.46
320769,1767,12.35,101.00,-413.95,7.18
320794,1767,12.35,102.00,-413.77,7.24
320819,829,12.35,122.00,-413.58,7.46
320844,829,12.35,-98.00,-413.42,6.40
320869,829,12.35,-41.00,-413.29,5.44
320894,829,12.35,-7.00,-413.17,4.54
320919,829,12.35,15.00,-413.07,4.21
320944,829,12.35,25.00,-412.97,3.76
320969,829,12.35,25.00,-412.89,3.48
320994,829,12.35,46.00,-412.80,3.48
321019,829,12.35,52.00,-412.72,3.31
321044,829,12.35,58.00,-412.63,3.37
321069,829,12.35,49.00,-412.55,3.20
321094,829,12.35,51.00,-412.47,3.20
321119,829,12.35,52.00,-412.39,3.37
321144,829,12.35,53.00,-412.31,3.14
321169,829,12.35,50.00,-412.23,3.37
321194,829,12.35,50.00,-412.15,3.14
321219,829,12.35,51.00,-412.06,3.31
321244,829,12.35,48.00,-411.98,3.20
321269,829,12.35,53.00,-411.90,3.20
321294,829,12.35,58.00,-411.82,3.31
321319,829,12.35,44.00,-411.74,3.20
321344,829,12.35,50.00,-411.66,3.31
321369,829,12.35,50.00,-411.58,3.20
321394,829,12.35,51.00,-411.50,3.20
321419,829,12.35,57.00,-411.42,3.31
321444,829,12.35,58.00,-411.34,3.20
321469,829,12.35,51.00,-411.25,3.31
321494,829,12.35,50.00,-411.17,3.20
321519,829,12.35,50.00,-411.09,3.20
321544,829,12.35,52.00,-411.01,3.31
321569,829,12.35,53.00,-410.93,3.20
321594,829,12.35,44.00,-410.85,3.31
321619,829,12.35,52.00,-410.77,3.20
321644,829,12.35,59.00,-410.69,3.31
321669,829,12.35,57.00,-410.61,3.20
321694,829,12.35,57.00,-410.53,3.20
321719,829,12.35,53.00,-410.44,3.31
321744,829,12.35,52.00,-410.36,3.20
321769,829,12.35,53.00,-410.28,3.31
321794,829,12.35,52.00,-410.20,3.14
321819,-161,12.35,57.00,-410.12,3.20
321844,-161,12.35,39.00,-410.07,2.24
321869,-161,12.35,28.00,-410.05,0.79
321894,-161,12.35,21.00,-410.05,0.06
321919,-161,12.35,20.00,-410.05,-0.11
321944,-161,12.35,20.00,-410.06,-0.34
321969,-161,12.35,18.00,-410.06,-0.28
321994,-161,12.35,18.00,-410.07,-0.34
322019,-161,12.35,16.00,-410.08,-0.39
322044,-161,12.35,19.00,-410.09,-0.34
322069,-161,12.35,16.00,-410.10,-0.39
322094,-161,12.35,16.00,-410.11,-0.39
322119,-161,12.35,16.00,-410.12,-0.39
322144,-161,12.35,16.00,-410.13,-0.34
322169,-161,12.35,17.00,-410.14,-0.39
322194,-161,12.35,18.00,-410.15,-0.45
322219,-161,12.35,17.00,-410.16,-0.34
322244,-161,12.35,16.00,-410.17,-0.39
322269,-161,12.35,19.00,-410.18,-0.39
322294,-161,12.35,16.00,-410.19,-0.34
322319,-161,12.35,15.00,-410.20,-0.39
322344,-161,12.35,18.00,-410.21,-0.45
322369,-161,12.35,16.00,-410.21,-0.34
322394,-161,12.35,18.00,-410.22,-0.39
322419,-161,12.35,17.00,-410.23,-0.39
322444,-161,12.35,18.00,-410.24,-0.39
322469,-161,12.35,18.00,-410.25,-0.34
322494,-161,12.35,17.00,-410.26,-0.39
322519,-161,12.35,17.00,-410.27,-0.39
322544,-161,12.35,18.00,-410.28,-0.34
322569,-161,12.35,16.00,-410.29,-0.45
322594,-161,12.35,18.00,-410.30,-0.39
322619,-161,12.35,19.00,-410.31,-0.34
322644,-161,12.35,15.00,-410.32,-0.39
322669,-161,12.35,16.00,-410.33,-0.45
322694,-161,12.35,16.00,-410.34,-0.34
322719,-161,12.35,17.00,-410.35,-0.39
322744,-161,12.35,16.00,-410.36,-0.39
322769,-161,12.35,16.00,-410.37,-0.34
322794,-161,12.35,16.00,-410.38,-0.39
322819,-1144,12.35,18.00,-410.39,-0.45
322844,-1144,12.35,369.00,-410.42,-1.23
322869,-1144,12.35,174.00,-410.49,-2.69
322894,-1144,12.35,141.00,-410.57,-3.31
322919,-1144,12.35,104.00,-410.67,-3.98
322944,-1144,12.35,92.00,-410.77,-4.04
322969,-1144,12.35,88.00,-410.88,-4.21
322994,-1144,12.35,79.00,-410.99,-4.43
323019,-1144,12.35,69.00,-411.10,-4.38
323044,-1144,12.35,77.00,-411.21,-4.49
323069,-1144,12.35,72.00,-411.32,-4.43
323094,-1144,12.35,67.00,-411.43,-4.54
323119,-1144,12.35,62.00,-411.54,-4.43
323144,-1144,12.35,68.00,-411.65,-4.38
323169,-1144,12.35,77.00,-411.77,-4.66
323194,-1144,12.35,66.00,-411.88,-4.38
323219,-1144,12.35,75.00,-411.99,-4.60
323244,-1144,12.35,65.00,-412.10,-4.43
323269,-1144,12.35,77.00,-412.21,-4.43
323294,-1144,12.35,66.00,-412.33,-4.66
323319,-1144,12.35,75.00,-412.44,-4.43
323344,-1144,12.35,76.00,-412.56,-4.60
323369,-1144,12.35,64.00,-412.67,-4.49
323394,-1144,12.35,70.00,-412.78,-4.60
323419,-1144,12.35,64.00,-412.90,-4.43
323444,-1144,12.35,88.00,-413.01,-4.43
323469,-1144,12.35,66.00,-413.12,-4.66
323494,-1144,12.35,65.00,-413.23,-4.49
323519,-1144,12.35,72.00,-413.35,-4.66
323544,-1144,12.35,63.00,-413.46,-4.49
323569,-1144,12.35,65.00,-413.57,-4.43
323594,-1144,12.35,73.00,-413.69,-4.66
323619,-1144,12.35,74.00,-413.80,-4.43
323644,-1144,12.35,72.00,-413.92,-4.66
323669,-1144,12.35,65.00,-414.03,-4.49
323694,-1144,12.35,60.00,-414.15,-4.66
323719,-1144,12.35,77.00,-414.26,-4.43
323744,-1144,12.35,64.00,-414.37,-4.49
323769,-1144,12.35,63.00,-414.49,-4.66
323794,-1144,12.35,71.00,-414.60,-4.43
323819,-2063,12.35,64.00,-414.71,-4.66
323844,-2063,12.35,531.00,-414.84,-5.16
323869,-2063,12.35,368.00,-415.00,-6.34
323894,-2063,12.35,246.00,-415.18,-7.29
323919,-2063,12.35,240.00,-415.37,-7.46
323944,-2063,12.35,142.00,-415.57,-8.08
323969,-2063,12.35,162.00,-415.77,-7.91
323994,-2063,12.35,142.00,-415.97,-8.08
324019,-2063,12.35,128.00,-416.18,-8.41
324044,-2063,12.35,108.00,-416.38,-8.13
324069,-2063,12.35,139.00,-416.60,-8.47
324094,-2063,12.35,115.00,-416.80,-8.19
324119,-2063,12.35,119.00,-417.01,-8.53
324144,-2063,12.35,116.00,-417.22,-8.19
324169,-2063,12.35,122.00,-417.42,-8.19
324194,-2063,12.35,115.00,-417.64,-8.58
324219,-2063,12.35,105.00,-417.84,-8.19
324244,-2063,12.35,110.00,-418.06,-8.53
324269,-2063,12.35,113.00,-418.26,-8.19
324294,-2063,12.35,111.00,-418.47,-8.19
324319,-2063,12.35,109.00,-418.68,-8.58
324344,-2063,12.35,116.00,-418.89,-8.19
324369,-2063,12.35,130.00,-419.10,-8.58
324394,-2063,12.35,103.00,-419.30,-8.19
324419,-2063,12.35,120.00,-419.52,-8.58
324444,-2063,12.35,118.00,-419.73,-8.25
324469,-2063,12.35,93.00,-419.93,-8.19
324494,-2063,12.35,122.00,-420.14,-8.58
324519,-2063,12.35,114.00,-420.35,-8.25
324544,-2063,12.35,109.00,-420.56,-8.53
324569,-2063,12.35,107.00,-420.77,-8.25
324594,-2063,12.35,102.00,-420.98,-8.25
324619,-2063,12.35,112.00,-421.19,-8.58
324644,-2063,12.35,115.00,-421.40,-8.19
324669,-2063,12.35,101.00,-421.61,-8.58
324694,-2063,12.35,115.00,-421.81,-8.19
324719,-2063,12.35,132.00,-422.02,-8.25
324744,-2063,12.35,115.00,-422.23,-8.53
324769,-2063,12.35,117.00,-422.44,-8.25
324794,-2063,12.35,126.00,-422.65,-8.53
324819,-2861,12.35,96.00,-422.86,-8.25
324844,-2861,12.35,575.00,-423.09,-9.14
324869,-2861,12.35,409.00,-423.33,-9.76
324894,-2861,12.35,334.00,-423.59,-10.27
324919,-2861,12.35,280.00,-423.87,-11.16
324944,-2861,12.35,211.00,-424.14,-10.94
324969,-2861,12.35,254.00,-424.43,-11.61
324994,-2861,12.35,136.00,-424.71,-11.28
325019,-2861,12.35,207.00,-425.00,-11.33
325044,-2861,12.35,204.00,-425.29,-11.89
325069,-2861,12.35,192.00,-425.58,-11.44
325094,-2861,12.35,184.00,-425.88,-11.95
325119,-2861,12.35,204.00,-426.17,-11.44
325144,-2861,12.35,190.00,-426.47,-12.01
325169,-2861,12.35,147.00,-426.75,-11.50
325194,-2861,12.35,95.00,-427.04,-11.50
325219,-2861,12.35,97.00,-427.34,-12.01
325244,-2861,12.35,143.00,-427.63,-11.50
325269,-2861,12.35,180.00,-427.93,-12.01
325294,-2861,12.35,176.00,-428.22,-11.50
325319,-2861,12.35,88.00,-428.50,-11.56
325344,-2861,12.35,114.00,-428.80,-11.95
325369,-2861,12.35,170.00,-429.09,-11.56
325394,-2861,12.35,101.00,-429.39,-12.01
325419,-2861,12.35,96.00,-429.68,-11.50
325444,-2861,12.35,128.00,-429.97,-11.50
325469,-2861,12.35,163.00,-430.27,-12.01
325494,-2861,12.35,195.00,-430.56,-11.50
325519,-2861,12.35,165.00,-430.85,-11.95
325544,-2861,12.35,126.00,-431.14,-11.50
325569,-2861,12.35,97.00,-431.44,-12.01
325594,-2861,12.35,144.00,-431.73,-11.50
325619,-2861,12.35,167.00,-432.02,-11.56
325644,-2861,12.35,175.00,-432.32,-12.01
325669,-2861,12.35,121.00,-432.61,-11.50
325694,-2861,12.35,91.00,-432.91,-12.01
325719,-2861,12.35,158.00,-433.19,-11.50
325744,-2861,12.35,169.00,-433.48,-11.56
325769,-2861,12.35,149.00,-433.78,-12.01
325794,-2861,12.35,194.00,-434.07,-11.56
325819,-3489,12.35,113.00,-434.37,-12.06
325844,-3489,12.35,522.00,-434.67,-11.95
325869,-3489,12.35,419.00,-435.00,-13.13
325894,-3489,12.35,328.00,-435.33,-13.07
325919,-3489,12.35,293.00,-435.66,-13.41
325944,-3489,12.35,241.00,-436.02,-14.19
325969,-3489,12.35,226.00,-436.36,-13.74
325994,-3489,12.35,208.00,-436.72,-14.47
326019,-3489,12.35,202.00,-437.07,-13.91
326044,-3489,12.35,196.00,-437.42,-13.97
326069,-3489,12.35,185.00,-437.79,-14.64
326094,-3489,12.35,157.00,-438.14,-14.02
326119,-3489,12.35,182.00,-438.50,-14.70
326144,-3489,12.35,171.00,-438.86,-14.08
326169,-3489,12.35,165.00,-439.21,-14.08
326194,-3489,12.35,160.00,-439.57,-14.70
326219,-3489,12.35,158.00,-439.93,-14.08
326244,-3489,12.35,153.00,-440.29,-14.70
326269,-3489,12.35,150.00,-440.65,-14.14
326294,-3489,12.35,149.00,-441.01,-14.64
326319,-3489,12.35,136.00,-441.37,-14.14
326344,-3489,12.35,134.00,-441.72,-14.08
326369,-3489,12.35,149.00,-442.09,-14.64
326394,-3489,12.35,174.00,-442.44,-14.08
326419,-3489,12.35,165.00,-442.80,-14.70
326444,-3489,12.35,163.00,-443.16,-14.08
326469,-3489,12.35,173.00,-443.51,-14.08
326494,-3489,12.35,168.00,-443.87,-14.64
326519,-3489,12.35,159.00,-444.23,-14.14
326544,-3489,12.35,145.00,-444.60,-14.70
326569,-3489,12.35,152.00,-444.95,-14.08
326594,-3489,12.35,156.00,-445.32,-14.70
326619,-3489,12.35,150.00,-445.67,-14.14
326644,-3489,12.35,154.00,-446.02,-14.08
326669,-3489,12.35,145.00,-446.39,-14.70
326694,-3489,12.35,139.00,-446.74,-14.08
326719,-3489,12.35,140.00,-447.11,-14.70
326744,-3489,12.35,162.00,-447.46,-14.08
326769,-3489,12.35,160.00,-447.81,-14.14
326794,-3489,12.35,164.00,-448.18,-14.70
326819,-3908,12.35,150.00,-448.53,-14.08
326844,-3908,12.35,457.00,-448.91,-14.98
326869,-3908,12.35,371.00,-449.28,-14.75
326894,-3908,12.35,287.00,-449.67,-15.71
326919,-3908,12.35,269.00,-450.05,-15.26
326944,-3908,12.35,235.00,-450.44,-15.43
326969,-3908,12.35,226.00,-450.84,-16.21
326994,-3908,12.35,221.00,-451.23,-15.65
327019,-3908,12.35,208.00,-451.64,-16.33
327044,-3908,12.35,187.00,-452.03,-15.71
327069,-3908,12.35,192.00,-452.43,-15.76
327094,-3908,12.35,185.00,-452.84,-16.44
327119,-3908,12.35,184.00,-453.23,-15.82
327144,-3908,12.35,182.00,-453.64,-16.44
327169,-3908,12.35,181.00,-454.04,-15.82
327194,-3908,12.35,175.00,-454.44,-15.82
327219,-3908,12.35,191.00,-454.85,-16.44
327244,-3908,12.35,182.00,-455.24,-15.82
327269,-3908,12.35,182.00,-455.65,-16.49
327294,-3908,12.35,187.00,-456.05,-15.82
327319,-3908,12.35,185.00,-456.46,-16.49
327344,-3908,12.35,177.00,-456.86,-15.82
327369,-3908,12.35,178.00,-457.25,-15.88
327394,-3908,12.35,182.00,-457.67,-16.49
327419,-3908,12.35,168.00,-458.06,-15.88
327444,-3908,12.35,166.00,-458.48,-16.49
327469,-3908,12.35,180.00,-458.87,-15.88
327494,-3908,12.35,176.00,-459.27,-15.82
327519,-3908,12.35,182.00,-459.68,-16.49
327544,-3908,12.35,179.00,-460.08,-15.88
327569,-3908,12.35,161.00,-460.49,-16.49
327594,-3908,12.35,180.00,-460.89,-15.82
327619,-3908,12.35,179.00,-461.30,-16.49
327644,-3908,12.35,168.00,-461.69,-15.82
327669,-3908,12.35,167.00,-462.09,-15.82
327694,-3908,12.35,176.00,-462.50,-16.49
327719,-3908,12.35,177.00,-462.90,-15.82
327744,-3908,12.35,174.00,-463.31,-16.44
327769,-3908,12.35,169.00,-463.70,-15.82
327794,-3908,12.35,181.00,-464.10,-15.82
327819,-4089,12.35,183.00,-464.51,-16.49
327844,-4089,12.35,285.00,-464.91,-15.93
327869,-4089,12.35,252.00,-465.33,-16.83
327894,-4089,12.35,228.00,-465.74,-16.27
327919,-4089,12.35,216.00,-466.15,-16.33
327944,-4089,12.35,202.00,-466.57,-17.05
327969,-4089,12.35,212.00,-466.98,-16.44
327994,-4089,12.35,195.00,-467.41,-17.17
328019,-4089,12.35,208.00,-467.82,-16.49
328044,-4089,12.35,193.00,-468.25,-17.17
328069,-4089,12.35,187.00,-468.67,-16.49
328094,-4089,12.35,185.00,-469.08,-16.55
328119,-4089,12.35,193.00,-469.51,-17.22
328144,-4089,12.35,191.00,-469.92,-16.55
328169,-4089,12.35,190.00,-470.35,-17.22
328194,-4089,12.35,185.00,-470.77,-16.55
328219,-4089,12.35,183.00,-471.18,-16.55
328244,-4089,12.35,182.00,-471.61,-17.28
328269,-4089,12.35,183.00,-472.03,-16.55
328294,-4089,12.35,182.00,-472.46,-17.28
328319,-4089,12.35,193.00,-472.87,-16.55
328344,-4089,12.35,172.00,-473.30,-17.28
328369,-4089,12.35,181.00,-473.72,-16.55
328394,-4089,12.35,183.00,-474.13,-16.55
328419,-4089,12.35,190.00,-474.56,-17.22
328444,-4089,12.35,192.00,-474.98,-16.55
328469,-4089,12.35,195.00,-475.41,-17.22
328494,-4089,12.35,184.00,-475.82,-16.55
328519,-4089,12.35,181.00,-476.23,-16.55
328544,-4089,12.35,171.00,-476.67,-17.22
328569,-4089,12.35,184.00,-477.08,-16.61
328594,-4089,12.35,190.00,-477.51,-17.22
328619,-4089,12.35,189.00,-477.92,-16.55
328644,-4089,12.35,176.00,-478.34,-16.55
328669,-4089,12.35,174.00,-478.77,-17.28
328694,-4089,12.35,182.00,-479.18,-16.55
328719,-4089,12.35,179.00,-479.62,-17.28
328744,-4089,12.35,193.00,-480.03,-16.49
328769,-4089,12.35,177.00,-480.46,-17.22
328794,-4089,12.35,190.00,-480.87,-16.55
328819,-4021,12.35,170.00,-481.29,-16.49
328844,-4021,12.35,152.00,-481.71,-17.17
328869,-4021,12.35,168.00,-482.13,-16.44
328894,-4021,12.35,154.00,-482.55,-17.05
328919,-4021,12.35,168.00,-482.96,-16.38
328944,-4021,12.35,182.00,-483.37,-16.33
328969,-4021,12.35,183.00,-483.79,-17.00
328994,-4021,12.35,177.00,-484.20,-16.33
329019,-4021,12.35,177.00,-484.63,-17.00
329044,-4021,12.35,173.00,-485.04,-16.33
329069,-4021,12.35,176.00,-485.46,-16.94
329094,-4021,12.35,176.00,-485.87,-16.27
329119,-4021,12.35,179.00,-486.27,-16.33
329144,-4021,12.35,169.00,-486.70,-16.94
329169,-4021,12.35,180.00,-487.10,-16.27
329194,-4021,12.35,174.00,-487.53,-16.89
329219,-4021,12.35,179.00,-487.93,-16.27
329244,-4021,12.35,167.00,-488.34,-16.27
329269,-4021,12.35,176.00,-488.76,-16.94
329294,-4021,12.35,174.00,-489.17,-16.27
329319,-4021,12.35,179.00,-489.59,-17.00
329344,-4021,12.35,180.00,-490.00,-16.27
329369,-4021,12.35,178.00,-490.41,-16.27
329394,-4021,12.35,180.00,-490.83,-17.00
329419,-4021,12.35,174.00,-491.24,-16.27
329444,-4021,12.35,178.00,-491.66,-16.94
329469,-4021,12.35,171.00,-492.07,-16.27
329494,-4021,12.35,170.00,-492.50,-17.00
329519,-4021,12.35,170.00,-492.90,-16.27
329544,-4021,12.35,168.00,-493.31,-16.27
329569,-4021,12.35,180.00,-493.73,-16.89
329594,-4021,12.35,176.00,-494.14,-16.27
329619,-4021,12.35,180.00,-494.56,-16.94
329644,-4021,12.35,169.00,-494.97,-16.33
329669,-4021,12.35,180.00,-495.38,-16.27
329694,-4021,12.35,178.00,-495.80,-16.94
329719,-4021,12.35,182.00,-496.21,-16.27
329744,-4021,12.35,180.00,-496.63,-17.00
329769,-4021,12.35,185.00,-497.04,-16.27
329794,-4021,12.35,189.00,-497.46,-16.94
329819,-3703,12.35,149.00,-497.87,-16.33
329844,-3703,12.35,3.00,-498.27,-16.04
329869,-3703,12.35,52.00,-498.68,-16.44
329894,-3703,12.35,75.00,-499.07,-15.54
329919,-3703,12.35,100.00,-499.47,-15.99
329944,-3703,12.35,133.00,-499.85,-15.26
329969,-3703,12.35,124.00,-500.23,-15.15
329994,-3703,12.35,153.00,-500.62,-15.76
330019,-3703,12.35,150.00,-501.00,-15.09
330044,-3703,12.35,144.00,-501.39,-15.65
330069,-3703,12.35,169.00,-501.77,-15.03
330094,-3703,12.35,167.00,-502.16,-15.60
330119,-3703,12.35,151.00,-502.53,-15.03
330144,-3703,12.35,150.00,-502.91,-14.98
330169,-3703,12.35,173.00,-503.30,-15.65
330194,-3703,12.35,154.00,-503.67,-14.98
330219,-3703,12.35,148.00,-504.07,-15.65
330244,-3703,12.35,174.00,-504.44,-14.98
330269,-3703,12.35,164.00,-504.82,-15.03
330294,-3703,12.35,181.00,-505.21,-15.60
330319,-3703,12.35,169.00,-505.58,-14.98
330344,-3703,12.35,187.00,-505.97,-15.60
330369,-3703,12.35,173.00,-506.34,-14.98
330394,-3703,12.35,158.00,-506.72,-14.98
330419,-3703,12.35,171.00,-507.11,-15.60
330444,-3703,12.35,162.00,-507.48,-14.98
330469,-3703,12.35,164.00,-507.87,-15.60
330494,-3703,12.35,158.00,-508.25,-15.03
330519,-3703,12.35,172.00,-508.64,-15.60
330544,-3703,12.35,149.00,-509.02,-15.03
330569,-3703,12.35,153.00,-509.39,-14.98
330594,-3703,12.35,184.00,-509.78,-15.65
330619,-3703,12.35,171.00,-510.16,-14.98
330644,-3703,12.35,153.00,-510.55,-15.60
330669,-3703,12.35,167.00,-510.92,-15.03
330694,-3703,12.35,166.00,-511.30,-14.98
330719,-3703,12.35,173.00,-511.69,-15.60
330744,-3703,12.35,162.00,-512.06,-14.98
330769,-3703,12.35,188.00,-512.45,-15.60
330794,-3703,12.35,155.00,-512.82,-14.98
330819,-3155,12.35,171.00,-513.21,-15.60
330844,-3155,12.35,-52.00,-513.58,-14.70
330869,-3155,12.35,17.00,-513.94,-14.31
330894,-3155,12.35,12.00,-514.30,-14.53
330919,-3155,12.35,11.00,-514.64,-13.63
330944,-3155,12.35,8.00,-514.99,-13.80
330969,-3155,12.35,116.00,-515.32,-13.07
330994,-3155,12.35,131.00,-515.64,-12.96
331019,-3155,12.35,125.00,-515.97,-13.41
331044,-3155,12.35,142.00,-516.30,-12.85
331069,-3155,12.35,145.00,-516.63,-13.35
331094,-3155,12.35,137.00,-516.95,-12.79
331119,-3155,12.35,161.00,-517.27,-12.79
331144,-3155,12.35,134.00,-517.60,-13.30
331169,-3155,12.35,131.00,-517.92,-12.73
331194,-3155,12.35,162.00,-518.25,-13.30
331219,-3155,12.35,165.00,-518.57,-12.73
331244,-3155,12.35,173.00,-518.90,-13.24
331269,-3155,12.35,159.00,-519.22,-12.73
331294,-3155,12.35,151.00,-519.54,-12.73
331319,-3155,12.35,155.00,-519.87,-13.24
331344,-3155,12.35,174.00,-520.19,-12.73
331369,-3155,12.35,142.00,-520.52,-13.30
331394,-3155,12.35,148.00,-520.84,-12.73
331419,-3155,12.35,150.00,-521.16,-12.73
331444,-3155,12.35,163.00,-521.49,-13.24
331469,-3155,12.35,166.00,-521.81,-12.73
331494,-3155,12.35,158.00,-522.14,-13.30
331519,-3155,12.35,147.00,-522.46,-12.73
331544,-3155,12.35,141.00,-522.79,-13.30
331569,-3155,12.35,138.00,-523.11,-12.73
331594,-3155,12.35,170.00,-523.43,-12.79
331619,-3155,12.35,143.00,-523.76,-13.30
331644,-3155,12.35,161.00,-524.08,-12.73
331669,-3155,12.35,137.00,-524.41,-13.30
331694,-3155,12.35,138.00,-524.73,-12.73
331719,-3155,12.35,157.00,-525.05,-12.73
331744,-3155,12.35,154.00,-525.38,-13.24
331769,-3155,12.35,155.00,-525.70,-12.79
331794,-3155,12.35,159.00,-526.03,-13.24
331819,-2408,12.35,139.00,-526.35,-12.79
331844,-2408,12.35,-101.00,-526.66,-12.29
331869,-2408,12.35,-60.00,-526.96,-12.12
331894,-2408,12.35,-3.00,-527.24,-11.33
331919,-2408,12.35,11.00,-527.53,-11.39
331944,-2408,12.35,-32.00,-527.79,-10.60
331969,-2408,12.35,1.00,-528.06,-10.72
331994,-2408,12.35,92.00,-528.31,-9.93
332019,-2408,12.35,90.00,-528.55,-9.87
332044,-2408,12.35,114.00,-528.81,-10.21
332069,-2408,12.35,103.00,-529.05,-9.76
332094,-2408,12.35,102.00,-529.31,-10.10
332119,-2408,12.35,104.00,-529.55,-9.71
332144,-2408,12.35,118.00,-529.79,-9.65
332169,-2408,12.35,105.00,-530.04,-10.10
332194,-2408,12.35,133.00,-530.28,-9.65
332219,-2408,12.35,140.00,-530.54,-10.04
332244,-2408,12.35,127.00,-530.78,-9.65
332269,-2408,12.35,142.00,-531.03,-9.99
332294,-2408,12.35,123.00,-531.27,-9.71
332319,-2408,12.35,110.00,-531.51,-9.59
332344,-2408,12.35,120.00,-531.76,-10.04
332369,-2408,12.35,134.00,-532.00,-9.65
332394,-2408,12.35,101.00,-532.25,-10.04
332419,-2408,12.35,129.00,-532.49,-9.65
332444,-2408,12.35,126.00,-532.74,-9.71
332469,-2408,12.35,108.00,-532.99,-10.04
332494,-2408,12.35,129.00,-533.23,-9.65
332519,-2408,12.35,127.00,-533.48,-10.04
332544,-2408,12.35,128.00,-533.72,-9.71
332569,-2408,12.35,144.00,-533.96,-9.65
332594,-2408,12.35,118.00,-534.22,-10.10
332619,-2408,12.35,149.00,-534.46,-9.65
332644,-2408,12.35,136.00,-534.71,-10.04
332669,-2408,12.35,137.00,-534.95,-9.65
332694,-2408,12.35,158.00,-535.20,-10.10
332719,-2408,12.35,112.00,-535.44,-9.65
332744,-2408,12.35,128.00,-535.68,-9.65
332769,-2408,12.35,104.00,-535.93,-10.04
332794,-2408,12.35,110.00,-536.18,-9.65
332819,-1506,12.35,134.00,-536.43,-10.10
332844,-1506,12.35,-114.00,-536.65,-9.03
332869,-1506,12.35,-37.00,-536.86,-8.08
332894,-1506,12.35,-3.00,-537.05,-7.85
332919,-1506,12.35,17.00,-537.23,-7.18
332944,-1506,12.35,16.00,-537.41,-7.12
332969,-1506,12.35,29.00,-537.57,-6.51
332994,-1506,12.35,37.00,-537.74,-6.51
333019,-1506,12.35,62.00,-537.89,-6.11
333044,-1506,12.35,78.00,-538.04,-6.00
333069,-1506,12.35,71.00,-538.20,-6.28
333094,-1506,12.35,90.00,-538.35,-6.00
333119,-1506,12.35,92.00,-538.50,-6.23
333144,-1506,12.35,73.00,-538.65,-5.95
333169,-1506,12.35,82.00,-538.80,-5.95
333194,-1506,12.35,86.00,-538.95,-6.17
333219,-1506,12.35,86.00,-539.10,-5.95
333244,-1506,12.35,101.00,-539.26,-6.23
333269,-1506,12.35,77.00,-539.41,-5.95
333294,-1506,12.35,81.00,-539.56,-6.17
333319,-1506,12.35,65.00,-539.71,-6.00
333344,-1506,12.35,91.00,-539.86,-5.95
333369,-1506,12.35,84.00,-540.01,-6.17
333394,-1506,12.35,97.00,-540.16,-5.95
333419,-1506,12.35,69.00,-540.32,-6.23
333444,-1506,12.35,86.00,-540.47,-5.95
333469,-1506,12.35,72.00,-540.61,-5.95
333494,-1506,12.35,97.00,-540.77,-6.17
333519,-1506,12.35,84.00,-540.92,-5.95
333544,-1506,12.35,73.00,-541.07,-6.23
333569,-1506,12.35,88.00,-541.22,-5.95
333594,-1506,12.35,69.00,-541.37,-5.95
333619,-1506,12.35,91.00,-541.53,-6.17
333644,-1506,12.35,81.00,-541.67,-5.95
333669,-1506,12.35,97.00,-541.83,-6.23
333694,-1506,12.35,86.00,-541.98,-5.95
333719,-1506,12.35,105.00,-542.13,-6.17
333744,-1506,12.35,79.00,-542.28,-5.95
333769,-1506,12.35,76.00,-542.43,-5.95
333794,-1506,12.35,77.00,-542.59,-6.23
333819,-507,12.35,70.00,-542.73,-5.95
333844,-507,12.35,-80.00,-542.86,-5.22
333869,-507,12.35,-35.00,-542.96,-3.76
333894,-507,12.35,-6.00,-543.03,-2.97
333919,-507,12.35,13.00,-543.10,-2.58
333944,-507,12.35,10.00,-543.15,-2.19
333969,-507,12.35,33.00,-543.21,-2.13
333994,-507,12.35,33.00,-543.25,-1.91
334019,-507,12.35,28.00,-543.30,-1.96
334044,-507,12.35,34.00,-543.35,-1.85
334069,-507,12.35,25.00,-543.39,-1.85
334094,-507,12.35,28.00,-543.44,-1.91
334119,-507,12.35,26.00,-543.49,-1.85
334144,-507,12.35,30.00,-543.54,-1.91
334169,-507,12.35,28.00,-543.58,-1.80
334194,-507,12.35,31.00,-543.63,-1.85
334219,-507,12.35,32.00,-543.68,-1.91
334244,-507,12.35,34.00,-543.72,-1.85
334269,-507,12.35,35.00,-543.77,-1.91
334294,-507,12.35,35.00,-543.81,-1.80
334319,-507,12.35,38.00,-543.86,-1.85
334344,-507,12.35,36.00,-543.91,-1.91
334369,-507,12.35,39.00,-543.95,-1.85
334394,-507,12.35,38.00,-544.00,-1.91
334419,-507,12.35,37.00,-544.05,-1.80
334444,-507,12.35,37.00,-544.09,-1.91
334469,-507,12.35,36.00,-544.14,-1.85
334494,-507,12.35,34.00,-544.19,-1.85
334519,-507,12.35,27.00,-544.23,-1.91
334544,-507,12.35,31.00,-544.28,-1.80
334569,-507,12.35,26.00,-544.33,-1.96
334594,-507,12.35,29.00,-544.37,-1.80
334619,-507,12.35,24.00,-544.42,-1.85
334644,-507,12.35,28.00,-544.47,-1.91
334669,-507,12.35,31.00,-544.51,-1.85
334694,-507,12.35,29.00,-544.56,-1.91
334719,-507,12.35,33.00,-544.61,-1.85
334744,-507,12.35,33.00,-544.66,-1.91
334769,-507,12.35,38.00,-544.70,-1.85
334794,-507,12.35,37.00,-544.75,-1.80
334819,528,12.35,38.00,-544.80,-1.96
334844,528,12.35,143.00,-544.82,-0.79
334869,528,12.35,88.00,-544.80,0.50
334894,528,12.35,77.00,-544.77,1.12
334919,528,12.35,49.00,-544.74,1.46
334944,528,12.35,45.00,-544.69,1.80
334969,528,12.35,45.00,-544.65,1.80
334994,528,12.35,42.00,-544.60,1.91
335019,528,12.35,33.00,-544.55,1.91
335044,528,12.35,34.00,-544.51,1.91
335069,528,12.35,36.00,-544.46,1.96
335094,528,12.35,41.00,-544.41,1.91
335119,528,12.35,41.00,-544.36,2.02
335144,528,12.35,35.00,-544.31,1.91
335169,528,12.35,30.00,-544.26,2.02
335194,528,12.35,29.00,-544.21,1.91
335219,528,12.35,37.00,-544.16,1.91
335244,528,12.35,40.00,-544.12,1.96
335269,528,12.35,37.00,-544.07,1.96
335294,528,12.35,34.00,-544.02,1.96
335319,528,12.35,30.00,-543.97,1.96
335344,528,12.35,35.00,-543.92,1.91
335369,528,12.35,42.00,-543.87,1.96
335394,528,12.35,38.00,-543.82,1.96
335419,528,12.35,30.00,-543.77,1.96
335444,528,12.35,30.00,-543.73,1.91
335469,528,12.35,34.00,-543.68,2.02
335494,528,12.35,43.00,-543.63,1.91
335519,528,12.35,40.00,-543.58,1.91
335544,528,12.35,31.00,-543.53,2.02
335569,528,12.35,30.00,-543.48,1.91
335594,528,12.35,29.00,-543.43,1.96
335619,528,12.35,37.00,-543.38,1.96
335644,528,12.35,41.00,-543.34,1.91
335669,528,12.35,36.00,-543.29,1.96
335694,528,12.35,33.00,-543.24,1.96
335719,528,12.35,33.00,-543.19,1.96
335744,528,12.35,40.00,-543.14,1.91
335769,528,12.35,41.00,-543.09,1.96
335794,528,12.35,37.00,-543.04,1.96
335819,1532,12.35,27.00,-542.99,1.91
335844,1532,12.35,396.00,-542.92,2.97
335869,1532,12.35,283.00,-542.82,4.15
335894,1532,12.35,218.00,-542.69,5.16
335919,1532,12.35,158.00,-542.55,5.44
335944,1532,12.35,150.00,-542.41,5.72
335969,1532,12.35,140.00,-542.26,6.11
335994,1532,12.35,116.00,-542.11,6.00
336019,1532,12.35,96.00,-541.95,6.28
336044,1532,12.35,117.00,-541.80,6.11
336069,1532,12.35,87.00,-541.64,6.11
336094,1532,12.35,93.00,-541.48,6.40
336119,1532,12.35,120.00,-541.33,6.11
336144,1532,12.35,96.00,-541.17,6.40
336169,1532,12.35,77.00,-541.02,6.17
336194,1532,12.35,98.00,-540.86,6.40
336219,1532,12.35,113.00,-540.70,6.17
336244,1532,12.35,94.00,-540.55,6.11
336269,1532,12.35,89.00,-540.39,6.45
336294,1532,12.35,99.00,-540.23,6.11
336319,1532,12.35,83.00,-540.07,6.45
336344,1532,12.35,90.00,-539.92,6.17
336369,1532,12.35,99.00,-539.76,6.17
336394,1532,12.35,99.00,-539.61,6.40
336419,1532,12.35,96.00,-539.45,6.17
336444,1532,12.35,87.00,-539.29,6.45
336469,1532,12.35,88.00,-539.14,6.17
336494,1532,12.35,117.00,-538.97,6.45
336519,1532,12.35,108.00,-538.82,6.17
336544,1532,12.35,85.00,-538.67,6.11
336569,1532,12.35,92.00,-538.51,6.45
336594,1532,12.35,101.00,-538.35,6.17
336619,1532,12.35,100.00,-538.19,6.45
336644,1532,12.35,96.00,-538.04,6.17
336669,1532,12.35,73.00,-537.88,6.17
336694,1532,12.35,84.00,-537.72,6.45
336719,1532,12.35,85.00,-537.57,6.17
336744,1532,12.35,112.00,-537.41,6.40
336769,1532,12.35,113.00,-537.25,6.17
336794,1532,12.35,87.00,-537.10,6.17
336819,2440,12.35,77.00,-536.94,6.45
336844,2440,12.35,523.00,-536.76,6.90
336869,2440,12.35,399.00,-536.56,8.30
336894,2440,12.35,292.00,-536.34,8.75
336919,2440,12.35,230.00,-536.10,9.59
336944,2440,12.35,209.00,-535.86,9.48
336969,2440,12.35,192.00,-535.62,9.65
336994,2440,12.35,169.00,-535.36,10.21
337019,2440,12.35,139.00,-535.12,9.87
337044,2440,12.35,131.00,-534.86,10.38
337069,2440,12.35,145.00,-534.61,9.93
337094,2440,12.35,146.00,-534.36,9.99
337119,2440,12.35,147.00,-534.10,10.43
337144,2440,12.35,155.00,-533.85,10.04
337169,2440,12.35,144.00,-533.59,10.43
337194,2440,12.35,141.00,-533.33,10.10
337219,2440,12.35,137.00,-533.07,10.43
337244,2440,12.35,140.00,-532.82,10.10
337269,2440,12.35,141.00,-532.57,10.04
337294,2440,12.35,129.00,-532.31,10.49
337319,2440,12.35,127.00,-532.06,10.04
337344,2440,12.35,118.00,-531.79,10.49
337369,2440,12.35,136.00,-531.54,10.10
337394,2440,12.35,163.00,-531.29,10.04
337419,2440,12.35,131.00,-531.03,10.49
337444,2440,12.35,128.00,-530.78,10.10
337469,2440,12.35,129.00,-530.51,10.49
337494,2440,12.35,127.00,-530.26,10.04
337519,2440,12.35,122.00,-530.01,10.10
337544,2440,12.35,128.00,-529.75,10.49
337569,2440,12.35,154.00,-529.50,10.10
337594,2440,12.35,136.00,-529.23,10.49
337619,2440,12.35,119.00,-528.98,10.04
337644,2440,12.35,162.00,-528.72,10.49
337669,2440,12.35,136.00,-528.47,10.10
337694,2440,12.35,148.00,-528.22,10.04
337719,2440,12.35,137.00,-527.95,10.49
337744,2440,12.35,126.00,-527.70,10.10
337769,2440,12.35,147.00,-527.44,10.49
337794,2440,12.35,133.00,-527.19,10.04
337819,3193,12.35,144.00,-526.94,10.10
337844,3193,12.35,636.00,-526.66,11.05
337869,3193,12.35,441.00,-526.37,11.44
337894,3193,12.35,371.00,-526.06,12.57
337919,3193,12.35,302.00,-525.75,12.45
337944,3193,12.35,281.00,-525.42,13.24
337969,3193,12.35,231.00,-525.09,12.90
337994,3193,12.35,183.00,-524.77,13.02
338019,3193,12.35,198.00,-524.43,13.63
338044,3193,12.35,187.00,-524.10,13.13
338069,3193,12.35,168.00,-523.76,13.74
338094,3193,12.35,185.00,-523.43,13.24
338119,3193,12.35,159.00,-523.09,13.24
338144,3193,12.35,167.00,-522.75,13.86
338169,3193,12.35,170.00,-522.42,13.24
338194,3193,12.35,168.00,-522.07,13.86
338219,3193,12.35,173.00,-521.74,13.24
338244,3193,12.35,192.00,-521.41,13.30
338269,3193,12.35,183.00,-521.06,13.86
338294,3193,12.35,153.00,-520.73,13.30
338319,3193,12.35,182.00,-520.38,13.80
338344,3193,12.35,160.00,-520.05,13.35
338369,3193,12.35,163.00,-519.71,13.80
338394,3193,12.35,165.00,-519.37,13.30
338419,3193,12.35,187.00,-519.04,13.30
338444,3193,12.35,180.00,-518.69,13.91
338469,3193,12.35,153.00,-518.36,13.30
338494,3193,12.35,162.00,-518.01,13.86
338519,3193,12.35,159.00,-517.68,13.30
338544,3193,12.35,165.00,-517.35,13.30
338569,3193,12.35,155.00,-517.00,13.86
338594,3193,12.35,153.00,-516.67,13.30
338619,3193,12.35,186.00,-516.32,13.91
338644,3193,12.35,215.00,-515.99,13.30
338669,3193,12.35,164.00,-515.64,13.86
338694,3193,12.35,153.00,-515.31,13.30
338719,3193,12.35,176.00,-514.98,13.30
338744,3193,12.35,190.00,-514.63,13.86
338769,3193,12.35,178.00,-514.30,13.30
338794,3193,12.35,165.00,-513.95,13.86
338819,3739,12.35,191.00,-513.62,13.30
338844,3739,12.35,524.00,-513.28,13.58
338869,3739,12.35,429.00,-512.91,14.81
338894,3739,12.35,362.00,-512.54,14.70
338919,3739,12.35,322.00,-512.16,15.54
338944,3739,12.35,270.00,-511.78,15.20
338969,3739,12.35,234.00,-511.39,15.32
338994,3739,12.35,242.00,-510.99,16.04
339019,3739,12.35,200.00,-510.60,15.48
339044,3739,12.35,197.00,-510.20,16.21
339069,3739,12.35,189.00,-509.81,15.60
339094,3739,12.35,204.00,-509.40,16.27
339119,3739,12.35,200.00,-509.01,15.60
339144,3739,12.35,201.00,-508.62,15.65
339169,3739,12.35,192.00,-508.21,16.27
339194,3739,12.35,200.00,-507.82,15.65
339219,3739,12.35,194.00,-507.41,16.33
339244,3739,12.35,184.00,-507.02,15.71
339269,3739,12.35,196.00,-506.63,15.65
339294,3739,12.35,200.00,-506.22,16.33
339319,3739,12.35,189.00,-505.83,15.71
339344,3739,12.35,196.00,-505.42,16.33
339369,3739,12.35,199.00,-505.03,15.71
339394,3739,12.35,174.00,-504.62,16.33
339419,3739,12.35,175.00,-504.23,15.71
339444,3739,12.35,187.00,-503.84,15.71
339469,3739,12.35,180.00,-503.43,16.33
339494,3739,12.35,183.00,-503.03,15.71
339519,3739,12.35,182.00,-502.63,16.33
339544,3739,12.35,178.00,-502.24,15.65
339569,3739,12.35,175.00,-501.84,15.71
339594,3739,12.35,179.00,-501.43,16.33
339619,3739,12.35,173.00,-501.04,15.71
339644,3739,12.35,173.00,-500.63,16.33
339669,3739,12.35,181.00,-500.24,15.65
339694,3739,12.35,188.00,-499.83,16.33
339719,3739,12.35,189.00,-499.44,15.71
339744,3739,12.35,193.00,-499.05,15.71
339769,3739,12.35,162.00,-498.64,16.33
339794,3739,12.35,176.00,-498.25,15.71
339819,4041,12.35,174.00,-497.84,16.33
339844,4041,12.35,386.00,-497.44,15.88
339869,4041,12.35,336.00,-497.04,16.21
339894,4041,12.35,310.00,-496.61,17.05
339919,4041,12.35,282.00,-496.20,16.61
339944,4041,12.35,236.00,-495.76,17.39
339969,4041,12.35,228.00,-495.34,16.77
339994,4041,12.35,216.00,-494.92,16.89
340019,4041,12.35,208.00,-494.48,17.56
340044,4041,12.35,205.00,-494.06,16.94
340069,4041,12.35,215.00,-493.62,17.67
340094,4041,12.35,211.00,-493.19,17.00
340119,4041,12.35,208.00,-492.75,17.67
340144,4041,12.35,197.00,-492.32,17.05
340169,4041,12.35,199.00,-491.90,17.00
340194,4041,12.35,192.00,-491.45,17.73
340219,4041,12.35,204.00,-491.03,17.05
340244,4041,12.35,184.00,-490.58,17.73
340269,4041,12.35,200.00,-490.16,17.05
340294,4041,12.35,220.00,-489.73,17.00
340319,4041,12.35,200.00,-489.29,17.73
340344,4041,12.35,200.00,-488.87,17.00
340369,4041,12.35,196.00,-488.42,17.73
340394,4041,12.35,200.00,-488.00,17.05
340419,4041,12.35,186.00,-487.55,17.73
340444,4041,12.35,188.00,-487.13,17.00
340469,4041,12.35,200.00,-486.70,17.05
340494,4041,12.35,200.00,-486.26,17.73
340519,4041,12.35,197.00,-485.83,17.00
340544,4041,12.35,196.00,-485.39,17.73
340569,4041,12.35,208.00,-484.96,17.05
340594,4041,12.35,196.00,-484.54,17.05
340619,4041,12.35,204.00,-484.10,17.67
340644,4041,12.35,189.00,-483.67,17.00
340669,4041,12.35,195.00,-483.23,17.73
340694,4041,12.35,206.00,-482.80,17.00
340719,4041,12.35,200.00,-482.38,17.00
340744,4041,12.35,195.00,-481.93,17.73
340769,4041,12.35,199.00,-481.51,17.00
340794,4041,12.35,206.00,-481.07,17.73
340819,4078,12.35,186.00,-480.64,17.00
340844,4078,12.35,213.00,-480.20,17.78
340869,4078,12.35,227.00,-479.77,17.05
340894,4078,12.35,213.00,-479.34,17.11
340919,4078,12.35,202.00,-478.90,17.90
340944,4078,12.35,211.00,-478.47,17.11
340969,4078,12.35,192.00,-478.02,17.84
340994,4078,12.35,210.00,-477.59,17.17
341019,4078,12.35,207.00,-477.16,17.17
341044,4078,12.35,211.00,-476.72,17.84
341069,4078,12.35,184.00,-476.29,17.17
341094,4078,12.35,203.00,-475.84,17.90
341119,4078,12.35,197.00,-475.41,17.17
341144,4078,12.35,206.00,-474.96,17.90
341169,4078,12.35,201.00,-474.53,17.17
341194,4078,12.35,207.00,-474.11,17.11
341219,4078,12.35,199.00,-473.66,17.90
341244,4078,12.35,198.00,-473.23,17.17
341269,4078,12.35,187.00,-472.78,17.90
341294,4078,12.35,201.00,-472.35,17.22
341319,4078,12.35,204.00,-471.92,17.17
341344,4078,12.35,198.00,-471.48,17.90
341369,4078,12.35,184.00,-471.05,17.17
341394,4078,12.35,210.00,-470.60,17.84
341419,4078,12.35,212.00,-470.17,17.22
341444,4078,12.35,187.00,-469.74,17.17
341469,4078,12.35,190.00,-469.29,17.90
341494,4078,12.35,206.00,-468.86,17.17
341519,4078,12.35,208.00,-468.42,17.90
341544,4078,12.35,185.00,-467.99,17.17
341569,4078,12.35,202.00,-467.54,17.84
341594,4078,12.35,201.00,-467.11,17.22
341619,4078,12.35,208.00,-466.68,17.17
341644,4078,12.35,194.00,-466.23,17.90
341669,4078,12.35,190.00,-465.80,17.22
341694,4078,12.35,206.00,-465.36,17.90
341719,4078,12.35,205.00,-464.93,17.17
341744,4078,12.35,189.00,-464.50,17.17
341769,4078,12.35,203.00,-464.05,17.90
341794,4078,12.35,203.00,-463.62,17.22
341819,3843,12.35,203.00,-463.17,17.90
341844,3843,12.35,29.00,-462.75,17.00
341869,3843,12.35,73.00,-462.31,17.50
341894,3843,12.35,106.00,-461.90,16.61
341919,3843,12.35,120.00,-461.48,16.55
341944,3843,12.35,147.00,-461.06,17.05
341969,3843,12.35,157.00,-460.65,16.38
341994,3843,12.35,153.00,-460.22,17.00
342019,3843,12.35,162.00,-459.81,16.27
342044,3843,12.35,158.00,-459.41,16.21
342069,3843,12.35,198.00,-458.99,16.89
342094,3843,12.35,177.00,-458.58,16.21
342119,3843,12.35,184.00,-458.16,16.83
342144,3843,12.35,182.00,-457.76,16.21
342169,3843,12.35,193.00,-457.35,16.16
342194,3843,12.35,192.00,-456.93,16.89
342219,3843,12.35,174.00,-456.53,16.16
342244,3843,12.35,190.00,-456.10,16.83
342269,3843,12.35,179.00,-455.70,16.21
342294,3843,12.35,179.00,-455.28,16.89
342319,3843,12.35,174.00,-454.87,16.16
342344,3843,12.35,181.00,-454.47,16.21
342369,3843,12.35,202.00,-454.05,16.83
342394,3843,12.35,184.00,-453.64,16.21
342419,3843,12.35,196.00,-453.22,16.83
342444,3843,12.35,191.00,-452.82,16.21
342469,3843,12.35,203.00,-452.41,16.16
342494,3843,12.35,195.00,-451.99,16.89
342519,3843,12.35,179.00,-451.59,16.16
342544,3843,12.35,192.00,-451.17,16.83
342569,3843,12.35,190.00,-450.76,16.21
342594,3843,12.35,196.00,-450.34,16.83
342619,3843,12.35,191.00,-449.94,16.16
342644,3843,12.35,197.00,-449.53,16.16
342669,3843,12.35,200.00,-449.11,16.89
342694,3843,12.35,193.00,-448.70,16.16
342719,3843,12.35,170.00,-448.28,16.83
342744,3843,12.35,188.00,-447.88,16.16
342769,3843,12.35,165.00,-447.48,16.16
342794,3843,12.35,186.00,-447.05,16.89
342819,3350,12.35,170.00,-446.65,16.16
342844,3350,12.35,-45.00,-446.24,16.55
342869,3350,12.35,18.00,-445.85,15.48
342894,3350,12.35,-15.00,-445.46,15.71
342919,3350,12.35,1.00,-445.09,14.81
342944,3350,12.35,2.00,-444.73,14.42
342969,3350,12.35,140.00,-444.35,14.87
342994,3350,12.35,124.00,-444.00,14.19
343019,3350,12.35,151.00,-443.63,14.75
343044,3350,12.35,169.00,-443.28,14.14
343069,3350,12.35,184.00,-442.93,14.08
343094,3350,12.35,157.00,-442.56,14.64
343119,3350,12.35,173.00,-442.21,14.02
343144,3350,12.35,204.00,-441.84,14.64
343169,3350,12.35,185.00,-441.49,14.08
343194,3350,12.35,182.00,-441.14,14.02
343219,3350,12.35,168.00,-440.78,14.59
343244,3350,12.35,170.00,-440.42,14.02
343269,3350,12.35,153.00,-440.06,14.64
343294,3350,12.35,159.00,-439.71,13.97
343319,3350,12.35,160.00,-439.34,14.64
343344,3350,12.35,194.00,-438.99,13.97
343369,3350,12.35,194.00,-438.64,14.02
343394,3350,12.35,185.00,-438.28,14.59
343419,3350,12.35,154.00,-437.93,14.02
343444,3350,12.35,176.00,-437.56,14.59
343469,3350,12.35,146.00,-437.21,14.02
343494,3350,12.35,141.00,-436.86,14.02
343519,3350,12.35,181.00,-436.50,14.59
343544,3350,12.35,170.00,-436.15,14.02
343569,3350,12.35,181.00,-435.78,14.59
343594,3350,12.35,188.00,-435.43,14.02
343619,3350,12.35,175.00,-435.07,14.59
343644,3350,12.35,144.00,-434.72,14.02
343669,3350,12.35,147.00,-434.37,14.02
343694,3350,12.35,174.00,-434.00,14.59
343719,3350,12.35,177.00,-433.65,14.02
343744,3350,12.35,184.00,-433.29,14.59
343769,3350,12.35,184.00,-432.94,14.02
343794,3350,12.35,158.00,-432.58,14.02
343819,2631,12.35,158.00,-432.22,14.59
343844,2631,12.35,-56.00,-431.88,13.58
343869,2631,12.35,-9.00,-431.54,13.58
343894,2631,12.35,2.00,-431.23,12.57
343919,2631,12.35,20.00,-430.92,12.23
343944,2631,12.35,45.00,-430.61,12.34
343969,2631,12.35,24.00,-430.33,11.50
343994,2631,12.35,68.00,-430.03,11.67
344019,2631,12.35,138.00,-429.76,11.11
344044,2631,12.35,125.00,-429.47,11.50
344069,2631,12.35,80.00,-429.19,11.05
344094,2631,12.35,170.00,-428.92,11.00
344119,2631,12.35,114.00,-428.63,11.39
344144,2631,12.35,123.00,-428.36,10.94
344169,2631,12.35,174.00,-428.07,11.39
344194,2631,12.35,181.00,-427.80,10.94
344219,2631,12.35,140.00,-427.53,10.88
344244,2631,12.35,158.00,-427.24,11.39
344269,2631,12.35,126.00,-426.97,10.88
344294,2631,12.35,118.00,-426.69,11.39
344319,2631,12.35,138.00,-426.42,10.88
344344,2631,12.35,171.00,-426.13,11.39
344369,2631,12.35,157.00,-425.86,10.94
344394,2631,12.35,135.00,-425.58,10.88
344419,2631,12.35,118.00,-425.30,11.39
344444,2631,12.35,122.00,-425.03,10.88
344469,2631,12.35,163.00,-424.74,11.39
344494,2631,12.35,173.00,-424.47,10.88
344519,2631,12.35,167.00,-424.20,10.94
344544,2631,12.35,153.00,-423.91,11.33
344569,2631,12.35,129.00,-423.64,10.94
344594,2631,12.35,124.00,-423.36,11.33
344619,2631,12.35,120.00,-423.08,10.94
344644,2631,12.35,148.00,-422.81,10.88
344669,2631,12.35,165.00,-422.53,11.39
344694,2631,12.35,174.00,-422.26,10.88
344719,2631,12.35,131.00,-421.97,11.39
344744,2631,12.35,108.00,-421.70,10.94
344769,2631,12.35,139.00,-421.41,11.33
344794,2631,12.35,170.00,-421.14,10.88
344819,1731,12.35,173.00,-420.87,10.88
344844,1731,12.35,-106.00,-420.60,10.72
344869,1731,12.35,-9.00,-420.37,9.37
344894,1731,12.35,-2.00,-420.14,9.26
344919,1731,12.35,35.00,-419.93,8.41
344944,1731,12.35,45.00,-419.72,8.08
344969,1731,12.35,33.00,-419.52,8.13
344994,1731,12.35,43.00,-419.33,7.46
345019,1731,12.35,81.00,-419.15,7.52
345044,1731,12.35,95.00,-418.97,7.18
345069,1731,12.35,88.00,-418.78,7.46
345094,1731,12.35,93.00,-418.60,7.12
345119,1731,12.35,111.00,-418.43,7.07
345144,1731,12.35,114.00,-418.24,7.35
345169,1731,12.35,109.00,-418.06,7.07
345194,1731,12.35,99.00,-417.88,7.35
345219,1731,12.35,111.00,-417.70,7.07
345244,1731,12.35,114.00,-417.53,7.07
345269,1731,12.35,105.00,-417.34,7.35
345294,1731,12.35,99.00,-417.17,7.07
345319,1731,12.35,117.00,-416.98,7.29
345344,1731,12.35,108.00,-416.81,7.07
345369,1731,12.35,96.00,-416.63,7.01
345394,1731,12.35,97.00,-416.45,7.35
345419,1731,12.35,94.00,-416.27,7.07
345444,1731,12.35,99.00,-416.09,7.29
345469,1731,12.35,103.00,-415.91,7.07
345494,1731,12.35,103.00,-415.73,7.35
345519,1731,12.35,110.00,-415.55,7.01
345544,1731,12.35,124.00,-415.38,7.07
345569,1731,12.35,127.00,-415.19,7.35
345594,1731,12.35,119.00,-415.02,7.07
345619,1731,12.35,113.00,-414.83,7.29
345644,1731,12.35,99.00,-414.66,7.07
345669,1731,12.35,103.00,-414.48,7.07
345694,1731,12.35,100.00,-414.30,7.29
345719,1731,12.35,100.00,-414.12,7.07
345744,1731,12.35,104.00,-413.94,7.35
345769,1731,12.35,98.00,-413.76,7.07
345794,1731,12.35,98.00,-413.58,7.29
345819,711,12.35,103.00,-413.40,7.07
345844,711,12.35,-91.00,-413.25,6.23
345869,711,12.35,-37.00,-413.12,5.05
345894,711,12.35,-3.00,-413.02,4.10
345919,711,12.35,13.00,-412.92,3.76
345944,711,12.35,24.00,-412.84,3.25
345969,711,12.35,22.00,-412.77,3.03
345994,711,12.35,45.00,-412.69,2.97
346019,711,12.35,44.00,-412.62,2.80
346044,711,12.35,45.00,-412.55,2.86
346069,711,12.35,35.00,-412.48,2.69
346094,711,12.35,52.00,-412.41,2.80
346119,711,12.35,44.00,-412.35,2.75
346144,711,12.35,49.00,-412.28,2.69
346169,711,12.35,39.00,-412.21,2.80
346194,711,12.35,50.00,-412.14,2.69
346219,711,12.35,41.00,-412.07,2.80
346244,711,12.35,50.00,-412.00,2.69
346269,711,12.35,38.00,-411.94,2.69
346294,711,12.35,45.00,-411.87,2.80
346319,711,12.35,43.00,-411.80,2.69
346344,711,12.35,50.00,-411.73,2.80
346369,711,12.35,47.00,-411.66,2.69
346394,711,12.35,48.00,-411.59,2.69
346419,711,12.35,48.00,-411.52,2.86
346444,711,12.35,48.00,-411.45,2.69
346469,711,12.35,45.00,-411.38,2.80
346494,711,12.35,45.00,-411.32,2.69
346519,711,12.35,50.00,-411.25,2.80
346544,711,12.35,50.00,-411.18,2.69
346569,711,12.35,46.00,-411.11,2.69
346594,711,12.35,47.00,-411.04,2.80
346619,711,12.35,42.00,-410.98,2.69
346644,711,12.35,53.00,-410.90,2.80
346669,711,12.35,42.00,-410.84,2.69
346694,711,12.35,50.00,-410.77,2.69
346719,711,12.35,36.00,-410.70,2.80
346744,711,12.35,52.00,-410.63,2.69
346769,711,12.35,49.00,-410.56,2.80
346794,711,12.35,43.00,-410.50,2.69
346819,-361,12.35,47.00,-410.43,2.80
346844,-361,12.35,94.00,-410.39,1.57
346869,-361,12.35,53.00,-410.38,0.17
346894,-361,12.35,40.00,-410.39,-0.50
346919,-361,12.35,40.00,-410.42,-0.84
346944,-361,12.35,29.00,-410.44,-1.07
346969,-361,12.35,29.00,-410.47,-1.07
346994,-361,12.35,32.00,-410.50,-1.12
347019,-361,12.35,31.00,-410.53,-1.23
347044,-361,12.35,33.00,-410.56,-1.18
347069,-361,12.35,34.00,-410.59,-1.23
347094,-361,12.35,31.00,-410.62,-1.23
347119,-361,12.35,31.00,-410.65,-1.18
347144,-361,12.35,30.00,-410.68,-1.29
347169,-361,12.35,34.00,-410.71,-1.18
347194,-361,12.35,24.00,-410.74,-1.23
347219,-361,12.35,24.00,-410.77,-1.23
347244,-361,12.35,23.00,-410.80,-1.23
347269,-361,12.35,25.00,-410.83,-1.23
347294,-361,12.35,25.00,-410.86,-1.18
347319,-361,12.35,24.00,-410.90,-1.29
347344,-361,12.35,26.00,-410.92,-1.18
347369,-361,12.35,27.00,-410.96,-1.29
347394,-361,12.35,25.00,-410.99,-1.18
347419,-361,12.35,25.00,-411.02,-1.23
347444,-361,12.35,25.00,-411.05,-1.23
347469,-361,12.35,24.00,-411.08,-1.18
347494,-361,12.35,25.00,-411.11,-1.29
347519,-361,12.35,24.00,-411.14,-1.18
347544,-361,12.35,24.00,-411.17,-1.29
347569,-361,12.35,22.00,-411.20,-1.18
347594,-361,12.35,22.00,-411.23,-1.23
347619,-361,12.35,23.00,-411.26,-1.23
347644,-361,12.35,23.00,-411.29,-1.18
347669,-361,12.35,22.00,-411.32,-1.29
347694,-361,12.35,23.00,-411.35,-1.18
347719,-361,12.35,23.00,-411.38,-1.23
347744,-361,12.35,23.00,-411.42,-1.23
347769,-361,12.35,24.00,-411.45,-1.23
347794,-361,12.35,25.00,-411.48,-1.23
347819,-1412,12.35,21.00,-411.51,-1.23
347844,-1412,12.35,445.00,-411.56,-2.13
347869,-1412,12.35,276.00,-411.65,-3.65
347894,-1412,12.35,201.00,-411.76,-4.38
347919,-1412,12.35,134.00,-411.89,-4.99
347944,-1412,12.35,119.00,-412.01,-5.05
347969,-1412,12.35,105.00,-412.15,-5.44
347994,-1412,12.35,120.00,-412.28,-5.39
348019,-1412,12.35,91.00,-412.42,-5.44
348044,-1412,12.35,84.00,-412.56,-5.67
348069,-1412,12.35,64.00,-412.70,-5.55
348094,-1412,12.35,77.00,-412.84,-5.72
348119,-1412,12.35,87.00,-412.98,-5.55
348144,-1412,12.35,78.00,-413.12,-5.55
348169,-1412,12.35,68.00,-413.27,-5.78
348194,-1412,12.35,70.00,-413.40,-5.55
348219,-1412,12.35,90.00,-413.55,-5.72
348244,-1412,12.35,100.00,-413.69,-5.61
348269,-1412,12.35,73.00,-413.83,-5.83
348294,-1412,12.35,72.00,-413.97,-5.61
348319,-1412,12.35,77.00,-414.11,-5.55
348344,-1412,12.35,87.00,-414.26,-5.83
348369,-1412,12.35,79.00,-414.40,-5.55
348394,-1412,12.35,85.00,-414.54,-5.83
348419,-1412,12.35,99.00,-414.68,-5.55
348444,-1412,12.35,80.00,-414.82,-5.61
348469,-1412,12.35,76.00,-414.97,-5.78
348494,-1412,12.35,91.00,-415.11,-5.61
348519,-1412,12.35,79.00,-415.25,-5.78
348544,-1412,12.35,69.00,-415.39,-5.61
348569,-1412,12.35,79.00,-415.53,-5.55
348594,-1412,12.35,85.00,-415.68,-5.83
348619,-1412,12.35,84.00,-415.82,-5.55
348644,-1412,12.35,75.00,-415.96,-5.83
348669,-1412,12.35,91.00,-416.10,-5.55
348694,-1412,12.35,83.00,-416.25,-5.83
348719,-1412,12.35,75.00,-416.38,-5.55
348744,-1412,12.35,80.00,-416.52,-5.61
348769,-1412,12.35,83.00,-416.67,-5.78
348794,-1412,12.35,86.00,-416.81,-5.61
348819,-2367,12.35,86.00,-416.95,-5.78
348844,-2367,12.35,573.00,-417.11,-6.28
348869,-2367,12.35,399.00,-417.30,-7.41
348894,-2367,12.35,319.00,-417.51,-8.47
348919,-2367,12.35,245.00,-417.72,-8.53
348944,-2367,12.35,198.00,-417.95,-9.26
348969,-2367,12.35,176.00,-418.18,-9.09
348994,-2367,12.35,140.00,-418.42,-9.59
349019,-2367,12.35,146.00,-418.65,-9.31
349044,-2367,12.35,156.00,-418.89,-9.37
349069,-2367,12.35,154.00,-419.13,-9.82
349094,-2367,12.35,144.00,-419.37,-9.42
349119,-2367,12.35,122.00,-419.61,-9.87
349144,-2367,12.35,136.00,-419.85,-9.42
349169,-2367,12.35,125.00,-420.09,-9.54
349194,-2367,12.35,115.00,-420.34,-9.87
349219,-2367,12.35,126.00,-420.57,-9.48
349244,-2367,12.35,140.00,-420.82,-9.87
349269,-2367,12.35,116.00,-421.06,-9.54
349294,-2367,12.35,139.00,-421.30,-9.87
349319,-2367,12.35,151.00,-421.54,-9.48
349344,-2367,12.35,120.00,-421.78,-9.54
349369,-2367,12.35,90.00,-422.03,-9.87
349394,-2367,12.35,138.00,-422.26,-9.48
349419,-2367,12.35,148.00,-422.51,-9.87
349444,-2367,12.35,119.00,-422.75,-9.54
349469,-2367,12.35,131.00,-422.99,-9.48
349494,-2367,12.35,143.00,-423.23,-9.87
349519,-2367,12.35,123.00,-423.47,-9.48
349544,-2367,12.35,121.00,-423.72,-9.93
349569,-2367,12.35,133.00,-423.95,-9.42
349594,-2367,12.35,104.00,-424.19,-9.48
349619,-2367,12.35,117.00,-424.44,-9.93
349644,-2367,12.35,152.00,-424.67,-9.42
349669,-2367,12.35,134.00,-424.92,-9.93
349694,-2367,12.35,125.00,-425.16,-9.48
349719,-2367,12.35,128.00,-425.41,-9.87
349744,-2367,12.35,133.00,-425.64,-9.48
349769,-2367,12.35,106.00,-425.88,-9.48
349794,-2367,12.35,134.00,-426.13,-9.87
349819,-3160,12.35,148.00,-426.36,-9.48
349844,-3160,12.35,580.00,-426.63,-10.55
349869,-3160,12.35,428.00,-426.90,-10.94
349894,-3160,12.35,327.00,-427.19,-11.50
349919,-3160,12.35,315.00,-427.50,-12.45
349944,-3160,12.35,230.00,-427.81,-12.17
349969,-3160,12.35,217.00,-428.13,-12.85
349994,-3160,12.35,204.00,-428.44,-12.51
350019,-3160,12.35,176.00,-428.77,-13.07
350044,-3160,12.35,164.00,-429.08,-12.62
350069,-3160,12.35,165.00,-429.40,-12.68
350094,-3160,12.35,175.00,-429.73,-13.18
350119,-3160,12.35,148.00,-430.05,-12.73
350144,-3160,12.35,170.00,-430.38,-13.24
350169,-3160,12.35,169.00,-430.70,-12.73
350194,-3160,12.35,148.00,-431.01,-12.73
350219,-3160,12.35,124.00,-431.34,-13.24
350244,-3160,12.35,159.00,-431.66,-12.79
350269,-3160,12.35,185.00,-432.00,-13.30
350294,-3160,12.35,142.00,-432.32,-12.79
350319,-3160,12.35,146.00,-432.64,-12.73
350344,-3160,12.35,155.00,-432.97,-13.30
350369,-3160,12.35,160.00,-433.29,-12.73
350394,-3160,12.35,156.00,-433.62,-13.30
350419,-3160,12.35,139.00,-433.94,-12.79
350444,-3160,12.35,138.00,-434.27,-13.30
350469,-3160,12.35,172.00,-434.59,-12.79
350494,-3160,12.35,184.00,-434.91,-12.79
350519,-3160,12.35,135.00,-435.24,-13.35
350544,-3160,12.35,141.00,-435.56,-12.73
350569,-3160,12.35,151.00,-435.89,-13.30
350594,-3160,12.35,160.00,-436.21,-12.73
350619,-3160,12.35,164.00,-436.53,-12.79
350644,-3160,12.35,133.00,-436.86,-13.24
350669,-3160,12.35,142.00,-437.18,-12.73
350694,-3160,12.35,162.00,-437.51,-13.30
350719,-3160,12.35,169.00,-437.83,-12.73
350744,-3160,12.35,162.00,-438.16,-13.24
350769,-3160,12.35,139.00,-438.48,-12.79
350794,-3160,12.35,152.00,-438.80,-12.73
350819,-3734,12.35,164.00,-439.13,-13.30
350844,-3734,12.35,498.00,-439.46,-13.13
350869,-3734,12.35,398.00,-439.82,-14.31
350894,-3734,12.35,330.00,-440.17,-14.14
350919,-3734,12.35,282.00,-440.53,-14.42
350944,-3734,12.35,252.00,-440.92,-15.26
350969,-3734,12.35,222.00,-441.28,-14.75
350994,-3734,12.35,200.00,-441.67,-15.48
351019,-3734,12.35,199.00,-442.04,-14.92
351044,-3734,12.35,192.00,-442.42,-15.03
351069,-3734,12.35,188.00,-442.81,-15.60
351094,-3734,12.35,173.00,-443.19,-15.09
351119,-3734,12.35,193.00,-443.58,-15.65
351144,-3734,12.35,170.00,-443.96,-15.09
351169,-3734,12.35,170.00,-444.35,-15.71
351194,-3734,12.35,183.00,-444.73,-15.09
351219,-3734,12.35,177.00,-445.10,-15.15
351244,-3734,12.35,154.00,-445.50,-15.76
351269,-3734,12.35,173.00,-445.88,-15.09
351294,-3734,12.35,179.00,-446.27,-15.76
351319,-3734,12.35,153.00,-446.65,-15.15
351344,-3734,12.35,174.00,-447.03,-15.09
351369,-3734,12.35,167.00,-447.42,-15.76
351394,-3734,12.35,175.00,-447.80,-15.15
351419,-3734,12.35,180.00,-448.19,-15.71
351444,-3734,12.35,142.00,-448.57,-15.15
351469,-3734,12.35,173.00,-448.96,-15.76
351494,-3734,12.35,170.00,-449.34,-15.09
351519,-3734,12.35,177.00,-449.72,-15.09
351544,-3734,12.35,194.00,-450.11,-15.76
351569,-3734,12.35,162.00,-450.49,-15.09
351594,-3734,12.35,165.00,-450.88,-15.76
351619,-3734,12.35,182.00,-451.26,-15.15
351644,-3734,12.35,163.00,-451.64,-15.09
351669,-3734,12.35,165.00,-452.03,-15.76
351694,-3734,12.35,171.00,-452.41,-15.15
351719,-3734,12.35,174.00,-452.81,-15.76
351744,-3734,12.35,162.00,-453.18,-15.09
351769,-3734,12.35,155.00,-453.56,-15.15
351794,-3734,12.35,164.00,-453.96,-15.76
351819,-4046,12.35,176.00,-454.33,-15.09
351844,-4046,12.35,379.00,-454.73,-15.99
351869,-4046,12.35,331.00,-455.12,-15.60
351894,-4046,12.35,282.00,-455.54,-16.49
351919,-4046,12.35,259.00,-455.94,-15.99
351944,-4046,12.35,220.00,-456.34,-16.10
351969,-4046,12.35,200.00,-456.76,-16.83
351994,-4046,12.35,200.00,-457.16,-16.21
352019,-4046,12.35,180.00,-457.59,-17.00
352044,-4046,12.35,186.00,-458.00,-16.27
352069,-4046,12.35,174.00,-458.40,-16.33
352094,-4046,12.35,188.00,-458.83,-17.00
352119,-4046,12.35,188.00,-459.24,-16.38
352144,-4046,12.35,195.00,-459.67,-17.05
352169,-4046,12.35,188.00,-460.07,-16.33
352194,-4046,12.35,176.00,-460.50,-17.05
352219,-4046,12.35,191.00,-460.91,-16.38
352244,-4046,12.35,194.00,-461.32,-16.38
352269,-4046,12.35,188.00,-461.74,-17.00
352294,-4046,12.35,183.00,-462.15,-16.38
352319,-4046,12.35,182.00,-462.58,-17.00
352344,-4046,12.35,177.00,-462.99,-16.38
352369,-4046,12.35,184.00,-463.40,-16.33
352394,-4046,12.35,181.00,-463.82,-17.05
352419,-4046,12.35,166.00,-464.23,-16.38
352444,-4046,12.35,169.00,-464.66,-17.05
352469,-4046,12.35,176.00,-465.07,-16.38
352494,-4046,12.35,188.00,-465.49,-17.05
352519,-4046,12.35,190.00,-465.90,-16.38
352544,-4046,12.35,179.00,-466.31,-16.33
352569,-4046,12.35,182.00,-466.74,-17.05
352594,-4046,12.35,186.00,-467.15,-16.38
352619,-4046,12.35,192.00,-467.57,-17.05
352644,-4046,12.35,186.00,-467.98,-16.33
352669,-4046,12.35,173.00,-468.39,-16.38
352694,-4046,12.35,173.00,-468.82,-17.00
352719,-4046,12.35,187.00,-469.23,-16.38
352744,-4046,12.35,183.00,-469.65,-17.05
352769,-4046,12.35,169.00,-470.06,-16.33
352794,-4046,12.35,172.00,-470.47,-16.38
352819,-4071,12.35,172.00,-470.90,-17.05
352844,-4071,12.35,202.00,-471.31,-16.44
352869,-4071,12.35,198.00,-471.73,-17.05
352894,-4071,12.35,183.00,-472.14,-16.44
352919,-4071,12.35,200.00,-472.57,-17.11
352944,-4071,12.35,194.00,-472.99,-16.49
352969,-4071,12.35,175.00,-473.40,-16.44
352994,-4071,12.35,184.00,-473.82,-17.11
353019,-4071,12.35,186.00,-474.23,-16.44
353044,-4071,12.35,188.00,-474.66,-17.17
353069,-4071,12.35,190.00,-475.07,-16.44
353094,-4071,12.35,187.00,-475.49,-16.44
353119,-4071,12.35,188.00,-475.91,-17.11
353144,-4071,12.35,194.00,-476.33,-16.49
353169,-4071,12.35,167.00,-476.75,-17.17
353194,-4071,12.35,181.00,-477.17,-16.44
353219,-4071,12.35,183.00,-477.60,-17.17
353244,-4071,12.35,168.00,-478.01,-16.49
353269,-4071,12.35,191.00,-478.42,-16.44
353294,-4071,12.35,184.00,-478.85,-17.17
353319,-4071,12.35,180.00,-479.26,-16.49
353344,-4071,12.35,185.00,-479.69,-17.17
353369,-4071,12.35,177.00,-480.10,-16.44
353394,-4071,12.35,181.00,-480.51,-16.44
353419,-4071,12.35,190.00,-480.94,-17.11
353444,-4071,12.35,172.00,-481.35,-16.44
353469,-4071,12.35,194.00,-481.78,-17.17
353494,-4071,12.35,188.00,-482.19,-16.44
353519,-4071,12.35,175.00,-482.60,-16.49
353544,-4071,12.35,191.00,-483.03,-17.17
353569,-4071,12.35,177.00,-483.44,-16.44
353594,-4071,12.35,169.00,-483.87,-17.17
353619,-4071,12.35,171.00,-484.28,-16.49
353644,-4071,12.35,177.00,-484.71,-17.17
353669,-4071,12.35,179.00,-485.12,-16.44
353694,-4071,12.35,178.00,-485.54,-16.49
353719,-4071,12.35,190.00,-485.96,-17.11
353744,-4071,12.35,190.00,-486.38,-16.49
353769,-4071,12.35,176.00,-486.80,-17.11
353794,-4071,12.35,186.00,-487.22,-16.49
353819,-3806,12.35,173.00,-487.63,-16.44
353844,-3806,12.35,19.00,-488.05,-17.00
353869,-3806,12.35,72.00,-488.45,-16.04
353894,-3806,12.35,90.00,-488.87,-16.49
353919,-3806,12.35,120.00,-489.26,-15.76
353944,-3806,12.35,108.00,-489.67,-16.33
353969,-3806,12.35,136.00,-490.06,-15.60
353994,-3806,12.35,160.00,-490.45,-15.54
354019,-3806,12.35,144.00,-490.85,-16.10
354044,-3806,12.35,175.00,-491.24,-15.48
354069,-3806,12.35,162.00,-491.64,-16.10
354094,-3806,12.35,172.00,-492.03,-15.48
354119,-3806,12.35,176.00,-492.41,-15.43
354144,-3806,12.35,159.00,-492.81,-16.10
354169,-3806,12.35,172.00,-493.20,-15.43
354194,-3806,12.35,165.00,-493.60,-16.04
354219,-3806,12.35,177.00,-493.99,-15.43
354244,-3806,12.35,166.00,-494.37,-15.37
354269,-3806,12.35,169.00,-494.77,-16.10
354294,-3806,12.35,172.00,-495.16,-15.37
354319,-3806,12.35,162.00,-495.56,-16.10
354344,-3806,12.35,169.00,-495.95,-15.43
354369,-3806,12.35,184.00,-496.35,-16.04
354394,-3806,12.35,162.00,-496.73,-15.43
354419,-3806,12.35,164.00,-497.12,-15.43
354444,-3806,12.35,180.00,-497.52,-16.04
354469,-3806,12.35,160.00,-497.90,-15.43
354494,-3806,12.35,166.00,-498.31,-16.04
354519,-3806,12.35,166.00,-498.69,-15.43
354544,-3806,12.35,177.00,-499.08,-15.37
354569,-3806,12.35,169.00,-499.48,-16.04
354594,-3806,12.35,184.00,-499.86,-15.43
354619,-3806,12.35,169.00,-500.26,-15.99
354644,-3806,12.35,172.00,-500.65,-15.43
354669,-3806,12.35,162.00,-501.05,-16.04
354694,-3806,12.35,178.00,-501.43,-15.43
354719,-3806,12.35,173.00,-501.82,-15.43
354744,-3806,12.35,174.00,-502.22,-16.04
354769,-3806,12.35,151.00,-502.61,-15.43
354794,-3806,12.35,185.00,-503.01,-16.04
354819,-3267,12.35,174.00,-503.39,-15.43
354844,-3267,12.35,-44.00,-503.77,-15.15
354869,-3267,12.35,-28.00,-504.16,-15.32
354894,-3267,12.35,-23.00,-504.51,-14.36
354919,-3267,12.35,5.00,-504.88,-14.64
354944,-3267,12.35,-21.00,-505.22,-13.74
354969,-3267,12.35,127.00,-505.56,-13.52
354994,-3267,12.35,132.00,-505.91,-13.91
355019,-3267,12.35,116.00,-506.24,-13.35
355044,-3267,12.35,143.00,-506.59,-13.80
355069,-3267,12.35,131.00,-506.92,-13.30
355094,-3267,12.35,135.00,-507.27,-13.80
355119,-3267,12.35,165.00,-507.60,-13.24
355144,-3267,12.35,146.00,-507.93,-13.24
355169,-3267,12.35,169.00,-508.27,-13.74
355194,-3267,12.35,159.00,-508.60,-13.24
355219,-3267,12.35,150.00,-508.95,-13.74
355244,-3267,12.35,147.00,-509.28,-13.24
355269,-3267,12.35,130.00,-509.61,-13.24
355294,-3267,12.35,158.00,-509.95,-13.80
355319,-3267,12.35,154.00,-510.28,-13.24
355344,-3267,12.35,157.00,-510.63,-13.74
355369,-3267,12.35,158.00,-510.96,-13.18
355394,-3267,12.35,155.00,-511.30,-13.80
355419,-3267,12.35,127.00,-511.63,-13.18
355444,-3267,12.35,152.00,-511.96,-13.24
355469,-3267,12.35,144.00,-512.31,-13.74
355494,-3267,12.35,149.00,-512.64,-13.18
355519,-3267,12.35,145.00,-512.98,-13.74
355544,-3267,12.35,148.00,-513.31,-13.24
355569,-3267,12.35,123.00,-513.64,-13.24
355594,-3267,12.35,149.00,-513.99,-13.74
355619,-3267,12.35,137.00,-514.32,-13.24
355644,-3267,12.35,132.00,-514.66,-13.80
355669,-3267,12.35,123.00,-514.99,-13.24
355694,-3267,12.35,159.00,-515.34,-13.80
355719,-3267,12.35,150.00,-515.67,-13.24
355744,-3267,12.35,161.00,-516.00,-13.24
355769,-3267,12.35,148.00,-516.34,-13.74
355794,-3267,12.35,138.00,-516.67,-13.24
355819,-2490,12.35,168.00,-517.02,-13.80
355844,-2490,12.35,-100.00,-517.34,-12.79
355869,-2490,12.35,3.00,-517.64,-12.17
355894,-2490,12.35,-34.00,-517.95,-12.23
355919,-2490,12.35,-22.00,-518.24,-11.44
355944,-2490,12.35,0.00,-518.52,-11.50
355969,-2490,12.35,-19.00,-518.79,-10.72
355994,-2490,12.35,-13.00,-519.05,-10.43
356019,-2490,12.35,106.00,-519.32,-10.60
356044,-2490,12.35,128.00,-519.57,-10.15
356069,-2490,12.35,96.00,-519.83,-10.55
356094,-2490,12.35,121.00,-520.09,-10.10
356119,-2490,12.35,93.00,-520.35,-10.55
356144,-2490,12.35,135.00,-520.60,-10.04
356169,-2490,12.35,116.00,-520.85,-10.04
356194,-2490,12.35,125.00,-521.11,-10.49
356219,-2490,12.35,159.00,-521.37,-10.04
356244,-2490,12.35,142.00,-521.63,-10.43
356269,-2490,12.35,116.00,-521.88,-10.04
356294,-2490,12.35,106.00,-522.13,-10.04
356319,-2490,12.35,124.00,-522.39,-10.43
356344,-2490,12.35,150.00,-522.64,-10.04
356369,-2490,12.35,117.00,-522.90,-10.43
356394,-2490,12.35,95.00,-523.15,-10.04
356419,-2490,12.35,119.00,-523.41,-10.43
356444,-2490,12.35,148.00,-523.66,-10.04
356469,-2490,12.35,132.00,-523.91,-9.99
356494,-2490,12.35,90.00,-524.18,-10.49
356519,-2490,12.35,110.00,-524.43,-9.99
356544,-2490,12.35,144.00,-524.69,-10.43
356569,-2490,12.35,140.00,-524.94,-9.99
356594,-2490,12.35,136.00,-525.19,-10.04
356619,-2490,12.35,145.00,-525.45,-10.43
356644,-2490,12.35,121.00,-525.70,-9.99
356669,-2490,12.35,122.00,-525.96,-10.43
356694,-2490,12.35,131.00,-526.21,-10.04
356719,-2490,12.35,103.00,-526.46,-10.04
356744,-2490,12.35,137.00,-526.72,-10.43
356769,-2490,12.35,124.00,-526.97,-10.04
356794,-2490,12.35,114.00,-527.23,-10.49
356819,-1530,12.35,144.00,-527.49,-10.04
356844,-1530,12.35,-110.00,-527.73,-9.76
356869,-1530,12.35,-33.00,-527.94,-8.41
356894,-1530,12.35,10.00,-528.14,-7.80
356919,-1530,12.35,7.00,-528.33,-7.74
356944,-1530,12.35,38.00,-528.51,-7.07
356969,-1530,12.35,32.00,-528.68,-7.07
356994,-1530,12.35,45.00,-528.85,-6.56
357019,-1530,12.35,58.00,-529.00,-6.23
357044,-1530,12.35,81.00,-529.16,-6.45
357069,-1530,12.35,72.00,-529.32,-6.11
357094,-1530,12.35,70.00,-529.48,-6.40
357119,-1530,12.35,91.00,-529.63,-6.06
357144,-1530,12.35,97.00,-529.78,-6.28
357169,-1530,12.35,87.00,-529.94,-6.06
357194,-1530,12.35,78.00,-530.09,-6.06
357219,-1530,12.35,79.00,-530.24,-6.28
357244,-1530,12.35,93.00,-530.39,-6.00
357269,-1530,12.35,90.00,-530.55,-6.28
357294,-1530,12.35,80.00,-530.70,-6.06
357319,-1530,12.35,93.00,-530.85,-6.00
357344,-1530,12.35,91.00,-531.01,-6.28
357369,-1530,12.35,89.00,-531.16,-6.06
357394,-1530,12.35,96.00,-531.32,-6.28
357419,-1530,12.35,80.00,-531.47,-6.06
357444,-1530,12.35,81.00,-531.62,-6.00
357469,-1530,12.35,85.00,-531.78,-6.28
357494,-1530,12.35,92.00,-531.93,-6.06
357519,-1530,12.35,87.00,-532.09,-6.34
357544,-1530,12.35,85.00,-532.24,-6.06
357569,-1530,12.35,81.00,-532.40,-6.28
357594,-1530,12.35,95.00,-532.55,-6.06
357619,-1530,12.35,103.00,-532.70,-6.06
357644,-1530,12.35,86.00,-532.86,-6.34
357669,-1530,12.35,80.00,-533.01,-6.06
357694,-1530,12.35,85.00,-533.17,-6.40
357719,-1530,12.35,69.00,-533.32,-6.06
357744,-1530,12.35,90.00,-533.47,-6.11
357769,-1530,12.35,88.00,-533.63,-6.34
357794,-1530,12.35,97.00,-533.78,-6.06
357819,-456,12.35,105.00,-533.94,-6.34
357844,-456,12.35,-78.00,-534.07,-5.22
357869,-456,12.35,-25.00,-534.17,-3.93
357894,-456,12.35,-5.00,-534.24,-2.86
357919,-456,12.35,11.00,-534.30,-2.41
357944,-456,12.35,10.00,-534.36,-2.13
357969,-456,12.35,25.00,-534.40,-1.85
357994,-456,12.35,21.00,-534.45,-1.80
358019,-456,12.35,30.00,-534.49,-1.68
358044,-456,12.35,32.00,-534.53,-1.68
358069,-456,12.35,26.00,-534.57,-1.74
358094,-456,12.35,25.00,-534.61,-1.63
358119,-456,12.35,29.00,-534.66,-1.68
358144,-456,12.35,37.00,-534.70,-1.63
358169,-456,12.35,29.00,-534.74,-1.63
358194,-456,12.35,27.00,-534.78,-1.68
358219,-456,12.35,34.00,-534.82,-1.63
358244,-456,12.35,24.00,-534.86,-1.68
358269,-456,12.35,29.00,-534.91,-1.68
358294,-456,12.35,35.00,-534.95,-1.68
358319,-456,12.35,32.00,-534.99,-1.63
358344,-456,12.35,26.00,-535.03,-1.63
358369,-456,12.35,29.00,-535.07,-1.68
358394,-456,12.35,31.00,-535.11,-1.63
358419,-456,12.35,24.00,-535.15,-1.68
358444,-456,12.35,28.00,-535.19,-1.63
358469,-456,12.35,36.00,-535.23,-1.63
358494,-456,12.35,27.00,-535.28,-1.68
358519,-456,12.35,26.00,-535.32,-1.63
358544,-456,12.35,37.00,-535.36,-1.74
358569,-456,12.35,34.00,-535.40,-1.63
358594,-456,12.35,26.00,-535.44,-1.68
358619,-456,12.35,34.00,-535.48,-1.63
358644,-456,12.35,26.00,-535.53,-1.63
358669,-456,12.35,27.00,-535.57,-1.68
358694,-456,12.35,30.00,-535.61,-1.63
358719,-456,12.35,33.00,-535.65,-1.68
358744,-456,12.35,28.00,-535.69,-1.63
358769,-456,12.35,29.00,-535.73,-1.63
358794,-456,12.35,35.00,-535.77,-1.68
358819,655,12.35,32.00,-535.81,-1.63
358844,655,12.35,170.00,-535.83,-0.50
358869,655,12.35,119.00,-535.81,0.84
358894,655,12.35,89.00,-535.76,1.68
358919,655,12.35,67.00,-535.72,1.91
358944,655,12.35,50.00,-535.66,2.19
358969,655,12.35,46.00,-535.60,2.36
358994,655,12.35,39.00,-535.54,2.36
359019,655,12.35,39.00,-535.48,2.52
359044,655,12.35,38.00,-535.42,2.41
359069,655,12.35,38.00,-535.36,2.41
359094,655,12.35,41.00,-535.30,2.58
359119,655,12.35,41.00,-535.23,2.41
359144,655,12.35,42.00,-535.17,2.52
359169,655,12.35,49.00,-535.11,2.47
359194,655,12.35,52.00,-535.05,2.47
359219,655,12.35,47.00,-534.99,2.52
359244,655,12.35,48.00,-534.92,2.47
359269,655,12.35,48.00,-534.86,2.52
359294,655,12.35,47.00,-534.80,2.47
359319,655,12.35,37.00,-534.74,2.52
359344,655,12.35,43.00,-534.67,2.47
359369,655,12.35,45.00,-534.61,2.41
359394,655,12.35,44.00,-534.55,2.58
359419,655,12.35,49.00,-534.49,2.41
359444,655,12.35,48.00,-534.42,2.58
359469,655,12.35,47.00,-534.36,2.41
359494,655,12.35,48.00,-534.30,2.47
359519,655,12.35,48.00,-534.24,2.58
359544,655,12.35,45.00,-534.18,2.41
359569,655,12.35,44.00,-534.11,2.58
359594,655,12.35,45.00,-534.05,2.41
359619,655,12.35,40.00,-533.99,2.58
359644,655,12.35,39.00,-533.93,2.47
359669,655,12.35,38.00,-533.86,2.47
359694,655,12.35,48.00,-533.80,2.52
359719,655,12.35,48.00,-533.74,2.47
359744,655,12.35,47.00,-533.68,2.52
359769,655,12.35,46.00,-533.61,2.47
359794,655,12.35,40.00,-533.55,2.47
359819,1721,12.35,38.00,-533.49,2.58
359844,1721,12.35,489.00,-533.40,3.37
359869,1721,12.35,323.00,-533.28,4.99
359894,1721,12.35,239.00,-533.14,5.67
359919,1721,12.35,176.00,-532.99,6.11
359944,1721,12.35,157.00,-532.82,6.73
359969,1721,12.35,144.00,-532.65,6.62
359994,1721,12.35,128.00,-532.47,7.07
360019,1721,12.35,115.00,-532.30,6.84
360044,1721,12.35,91.00,-532.12,7.18
360069,1721,12.35,127.00,-531.95,6.96
360094,1721,12.35,90.00,-531.78,6.96
360119,1721,12.35,115.00,-531.60,7.24
360144,1721,12.35,104.00,-531.42,6.96
360169,1721,12.35,97.00,-531.24,7.29
360194,1721,12.35,109.00,-531.07,6.96
360219,1721,12.35,104.00,-530.89,6.96
360244,1721,12.35,117.00,-530.71,7.29
360269,1721,12.35,103.00,-530.54,6.96
360294,1721,12.35,113.00,-530.35,7.29
360319,1721,12.35,96.00,-530.18,6.96
360344,1721,12.35,88.00,-530.00,7.29
360369,1721,12.35,111.00,-529.82,6.96
360394,1721,12.35,104.00,-529.65,7.01
360419,1721,12.35,117.00,-529.46,7.29
360444,1721,12.35,103.00,-529.29,6.96
360469,1721,12.35,101.00,-529.11,7.29
360494,1721,12.35,101.00,-528.93,7.01
360519,1721,12.35,108.00,-528.76,6.96
360544,1721,12.35,101.00,-528.58,7.29
360569,1721,12.35,93.00,-528.40,6.96
360594,1721,12.35,109.00,-528.22,7.29
360619,1721,12.35,99.00,-528.05,6.96
360644,1721,12.35,91.00,-527.87,6.96
360669,1721,12.35,118.00,-527.69,7.29
360694,1721,12.35,120.00,-527.52,7.01
360719,1721,12.35,87.00,-527.33,7.29
360744,1721,12.35,108.00,-527.16,6.96
360769,1721,12.35,106.00,-526.98,7.29
360794,1721,12.35,104.00,-526.80,7.01
360819,2661,12.35,186.00,-526.63,6.96
360844,2661,12.35,605.00,-526.43,8.02
360869,2661,12.35,418.00,-526.21,8.81
360894,2661,12.35,328.00,-525.96,9.99
360919,2661,12.35,269.00,-525.70,10.10
360944,2661,12.35,190.00,-525.45,10.32
360969,2661,12.35,168.00,-525.17,11.00
360994,2661,12.35,205.00,-524.90,10.72
361019,2661,12.35,159.00,-524.62,11.28
361044,2661,12.35,154.00,-524.35,10.88
361069,2661,12.35,188.00,-524.07,11.39
361094,2661,12.35,155.00,-523.79,10.94
361119,2661,12.35,124.00,-523.52,11.00
361144,2661,12.35,189.00,-523.23,11.44
361169,2661,12.35,131.00,-522.95,11.05
361194,2661,12.35,186.00,-522.67,11.44
361219,2661,12.35,123.00,-522.39,11.05
361244,2661,12.35,180.00,-522.12,11.00
361269,2661,12.35,137.00,-521.83,11.50
361294,2661,12.35,156.00,-521.55,11.00
361319,2661,12.35,178.00,-521.27,11.50
361344,2661,12.35,137.00,-520.99,11.05
361369,2661,12.35,179.00,-520.72,11.00
361394,2661,12.35,123.00,-520.43,11.50
361419,2661,12.35,174.00,-520.15,11.05
361444,2661,12.35,135.00,-519.86,11.50
361469,2661,12.35,124.00,-519.59,11.00
361494,2661,12.35,168.00,-519.30,11.50
361519,2661,12.35,114.00,-519.03,11.05
361544,2661,12.35,196.00,-518.75,11.00
361569,2661,12.35,102.00,-518.46,11.50
361594,2661,12.35,179.00,-518.19,11.05
361619,2661,12.35,131.00,-517.90,11.50
361644,2661,12.35,118.00,-517.62,11.05
361669,2661,12.35,176.00,-517.35,11.00
361694,2661,12.35,110.00,-517.06,11.56
361719,2661,12.35,175.00,-516.79,11.00
361744,2661,12.35,158.00,-516.50,11.50
361769,2661,12.35,136.00,-516.22,11.05
361794,2661,12.35,187.00,-515.93,11.50
361819,3406,12.35,126.00,-515.66,11.05
361844,3406,12.35,658.00,-515.37,11.50
361869,3406,12.35,489.00,-515.05,12.85
361894,3406,12.35,399.00,-514.72,12.96
361919,3406,12.35,295.00,-514.38,13.91
361944,3406,12.35,262.00,-514.04,13.58
361969,3406,12.35,227.00,-513.69,13.74
361994,3406,12.35,223.00,-513.33,14.47
362019,3406,12.35,216.00,-512.98,14.02
362044,3406,12.35,209.00,-512.61,14.70
362069,3406,12.35,216.00,-512.26,14.08
362094,3406,12.35,217.00,-511.89,14.75
362119,3406,12.35,168.00,-511.54,14.19
362144,3406,12.35,168.00,-511.18,14.19
362169,3406,12.35,200.00,-510.81,14.81
362194,3406,12.35,162.00,-510.46,14.19
362219,3406,12.35,172.00,-510.09,14.87
362244,3406,12.35,182.00,-509.73,14.25
362269,3406,12.35,148.00,-509.38,14.19
362294,3406,12.35,154.00,-509.00,14.87
362319,3406,12.35,192.00,-508.65,14.25
362344,3406,12.35,161.00,-508.28,14.81
362369,3406,12.35,175.00,-507.92,14.25
362394,3406,12.35,182.00,-507.56,14.25
362419,3406,12.35,157.00,-507.19,14.87
362444,3406,12.35,184.00,-506.84,14.25
362469,3406,12.35,149.00,-506.47,14.81
362494,3406,12.35,187.00,-506.11,14.25
362519,3406,12.35,155.00,-505.74,14.87
362544,3406,12.35,186.00,-505.38,14.25
362569,3406,12.35,153.00,-505.03,14.25
362594,3406,12.35,169.00,-504.65,14.87
362619,3406,12.35,164.00,-504.30,14.25
362644,3406,12.35,166.00,-503.93,14.87
362669,3406,12.35,144.00,-503.57,14.25
362694,3406,12.35,181.00,-503.21,14.25
362719,3406,12.35,164.00,-502.84,14.87
362744,3406,12.35,190.00,-502.49,14.19
362769,3406,12.35,156.00,-502.12,14.87
362794,3406,12.35,175.00,-501.76,14.25
362819,3896,12.35,172.00,-501.39,14.87
362844,3896,12.35,512.00,-501.03,14.53
362869,3896,12.35,414.00,-500.65,15.09
362894,3896,12.35,343.00,-500.25,16.10
362919,3896,12.35,293.00,-499.85,15.71
362944,3896,12.35,282.00,-499.44,16.55
362969,3896,12.35,243.00,-499.04,16.04
362994,3896,12.35,246.00,-498.63,16.16
363019,3896,12.35,226.00,-498.21,16.89
363044,3896,12.35,221.00,-497.81,16.27
363069,3896,12.35,215.00,-497.38,17.00
363094,3896,12.35,191.00,-496.97,16.33
363119,3896,12.35,200.00,-496.56,16.33
363144,3896,12.35,185.00,-496.14,17.05
363169,3896,12.35,203.00,-495.73,16.38
363194,3896,12.35,194.00,-495.30,17.11
363219,3896,12.35,173.00,-494.89,16.38
363244,3896,12.35,187.00,-494.46,17.11
363269,3896,12.35,210.00,-494.05,16.38
363294,3896,12.35,196.00,-493.64,16.44
363319,3896,12.35,199.00,-493.21,17.11
363344,3896,12.35,197.00,-492.81,16.38
363369,3896,12.35,190.00,-492.38,17.11
363394,3896,12.35,174.00,-491.97,16.44
363419,3896,12.35,185.00,-491.56,16.44
363444,3896,12.35,188.00,-491.13,17.11
363469,3896,12.35,179.00,-490.72,16.44
363494,3896,12.35,189.00,-490.29,17.05
363519,3896,12.35,196.00,-489.88,16.44
363544,3896,12.35,184.00,-489.45,17.05
363569,3896,12.35,185.00,-489.04,16.44
363594,3896,12.35,194.00,-488.63,16.44
363619,3896,12.35,192.00,-488.20,17.11
363644,3896,12.35,189.00,-487.79,16.38
363669,3896,12.35,186.00,-487.37,17.11
363694,3896,12.35,189.00,-486.96,16.44
363719,3896,12.35,192.00,-486.54,16.44
363744,3896,12.35,201.00,-486.12,17.11
363769,3896,12.35,204.00,-485.71,16.44
363794,3896,12.35,189.00,-485.28,17.11
363819,4093,12.35,184.00,-484.87,16.44
363844,4093,12.35,331.00,-484.45,16.55
363869,4093,12.35,302.00,-484.02,17.45
363894,4093,12.35,279.00,-483.59,16.94
363919,4093,12.35,245.00,-483.15,17.73
363944,4093,12.35,240.00,-482.72,17.11
363969,4093,12.35,219.00,-482.28,17.90
363994,4093,12.35,227.00,-481.85,17.17
364019,4093,12.35,206.00,-481.42,17.22
364044,4093,12.35,218.00,-480.97,18.01
364069,4093,12.35,207.00,-480.53,17.28
364094,4093,12.35,215.00,-480.08,18.01
364119,4093,12.35,211.00,-479.65,17.33
364144,4093,12.35,197.00,-479.22,17.28
364169,4093,12.35,206.00,-478.77,18.01
364194,4093,12.35,184.00,-478.33,17.33
364219,4093,12.35,200.00,-477.88,18.06
364244,4093,12.35,211.00,-477.45,17.33
364269,4093,12.35,192.00,-477.00,18.01
364294,4093,12.35,206.00,-476.57,17.33
364319,4093,12.35,185.00,-476.13,17.33
364344,4093,12.35,206.00,-475.68,18.01
364369,4093,12.35,205.00,-475.25,17.33
364394,4093,12.35,179.00,-474.80,18.06
364419,4093,12.35,194.00,-474.37,17.28
364444,4093,12.35,193.00,-473.93,17.28
364469,4093,12.35,184.00,-473.48,18.01
364494,4093,12.35,201.00,-473.05,17.33
364519,4093,12.35,191.00,-472.60,18.01
364544,4093,12.35,197.00,-472.17,17.28
364569,4093,12.35,195.00,-471.73,17.33
364594,4093,12.35,185.00,-471.29,17.95
364619,4093,12.35,220.00,-470.85,17.28
364644,4093,12.35,205.00,-470.40,18.01
364669,4093,12.35,191.00,-469.97,17.22
364694,4093,12.35,202.00,-469.52,18.06
364719,4093,12.35,195.00,-469.09,17.28
364744,4093,12.35,189.00,-468.66,17.28
364769,4093,12.35,194.00,-468.21,18.01
364794,4093,12.35,194.00,-467.77,17.28
364819,3979,12.35,191.00,-467.33,17.95
364844,3979,12.35,133.00,-466.90,17.22
364869,3979,12.35,132.00,-466.47,17.05
364894,3979,12.35,160.00,-466.03,17.73
364919,3979,12.35,161.00,-465.60,16.94
364944,3979,12.35,185.00,-465.16,17.62
364969,3979,12.35,179.00,-464.74,16.83
364994,3979,12.35,171.00,-464.30,17.56
365019,3979,12.35,197.00,-463.88,16.83
365044,3979,12.35,195.00,-463.46,16.77
365069,3979,12.35,188.00,-463.03,17.45
365094,3979,12.35,190.00,-462.61,16.77
365119,3979,12.35,187.00,-462.17,17.50
365144,3979,12.35,194.00,-461.75,16.77
365169,3979,12.35,196.00,-461.33,16.77
365194,3979,12.35,197.00,-460.89,17.50
365219,3979,12.35,191.00,-460.47,16.77
365244,3979,12.35,172.00,-460.04,17.50
365269,3979,12.35,207.00,-459.62,16.77
365294,3979,12.35,197.00,-459.18,17.45
365319,3979,12.35,188.00,-458.76,16.77
365344,3979,12.35,194.00,-458.34,16.72
365369,3979,12.35,195.00,-457.91,17.45
365394,3979,12.35,191.00,-457.49,16.77
365419,3979,12.35,200.00,-457.05,17.45
365444,3979,12.35,202.00,-456.63,16.77
365469,3979,12.35,201.00,-456.21,16.77
365494,3979,12.35,201.00,-455.78,17.45
365519,3979,12.35,187.00,-455.36,16.77
365544,3979,12.35,195.00,-454.92,17.45
365569,3979,12.35,178.00,-454.50,16.77
365594,3979,12.35,179.00,-454.08,16.77
365619,3979,12.35,196.00,-453.65,17.45
365644,3979,12.35,184.00,-453.23,16.77
365669,3979,12.35,191.00,-452.79,17.50
365694,3979,12.35,202.00,-452.37,16.77
365719,3979,12.35,198.00,-451.93,17.45
365744,3979,12.35,195.00,-451.52,16.72
365769,3979,12.35,194.00,-451.10,16.77
365794,3979,12.35,193.00,-450.66,17.50
365819,3561,12.35,179.00,-450.24,16.72
365844,3561,12.35,-27.00,-449.81,17.22
365869,3561,12.35,10.00,-449.41,16.10
365894,3561,12.35,-20.00,-449.01,15.82
365919,3561,12.35,83.00,-448.61,16.10
365944,3561,12.35,100.00,-448.23,15.37
365969,3561,12.35,148.00,-447.83,15.82
365994,3561,12.35,133.00,-447.45,15.15
366019,3561,12.35,185.00,-447.06,15.71
366044,3561,12.35,140.00,-446.68,15.03
366069,3561,12.35,183.00,-446.31,15.03
366094,3561,12.35,171.00,-445.92,15.60
366119,3561,12.35,172.00,-445.54,14.98
366144,3561,12.35,160.00,-445.15,15.60
366169,3561,12.35,166.00,-444.78,14.92
366194,3561,12.35,194.00,-444.40,14.98
366219,3561,12.35,189.00,-444.02,15.60
366244,3561,12.35,176.00,-443.64,14.98
366269,3561,12.35,149.00,-443.25,15.54
366294,3561,12.35,163.00,-442.88,14.92
366319,3561,12.35,180.00,-442.51,14.92
366344,3561,12.35,202.00,-442.12,15.60
366369,3561,12.35,175.00,-441.74,14.98
366394,3561,12.35,142.00,-441.35,15.60
366419,3561,12.35,175.00,-440.98,14.92
366444,3561,12.35,184.00,-440.59,15.60
366469,3561,12.35,176.00,-440.21,14.98
366494,3561,12.35,163.00,-439.84,14.98
366519,3561,12.35,160.00,-439.45,15.54
366544,3561,12.35,162.00,-439.08,14.92
366569,3561,12.35,164.00,-438.69,15.48
366594,3561,12.35,177.00,-438.32,14.92
366619,3561,12.35,186.00,-437.95,14.92
366644,3561,12.35,191.00,-437.56,15.54
366669,3561,12.35,193.00,-437.18,14.98
366694,3561,12.35,181.00,-436.79,15.54
366719,3561,12.35,155.00,-436.42,14.98
366744,3561,12.35,160.00,-436.03,15.54
366769,3561,12.35,182.00,-435.66,14.92
366794,3561,12.35,201.00,-435.28,14.92
366819,2868,12.35,200.00,-434.89,15.60
366844,2868,12.35,-114.00,-434.53,14.64
366869,2868,12.35,-4.00,-434.16,14.59
366894,2868,12.35,14.00,-433.82,13.69
366919,2868,12.35,9.00,-433.49,13.30
366944,2868,12.35,18.00,-433.15,13.46
366969,2868,12.35,7.00,-432.84,12.57
366994,2868,12.35,108.00,-432.52,12.79
367019,2868,12.35,142.00,-432.21,12.23
367044,2868,12.35,132.00,-431.91,12.12
367069,2868,12.35,130.00,-431.60,12.57
367094,2868,12.35,169.00,-431.30,11.95
367119,2868,12.35,178.00,-430.98,12.51
367144,2868,12.35,134.00,-430.69,11.95
367169,2868,12.35,166.00,-430.37,12.45
367194,2868,12.35,168.00,-430.07,12.01
367219,2868,12.35,131.00,-429.78,11.95
367244,2868,12.35,166.00,-429.46,12.45
367269,2868,12.35,153.00,-429.17,11.95
367294,2868,12.35,136.00,-428.85,12.45
367319,2868,12.35,170.00,-428.56,11.95
367344,2868,12.35,139.00,-428.26,11.89
367369,2868,12.35,145.00,-427.95,12.45
367394,2868,12.35,189.00,-427.65,11.95
367419,2868,12.35,133.00,-427.34,12.40
367444,2868,12.35,169.00,-427.04,11.95
367469,2868,12.35,108.00,-426.73,12.45
367494,2868,12.35,166.00,-426.43,11.95
367519,2868,12.35,171.00,-426.13,11.89
367544,2868,12.35,142.00,-425.82,12.45
367569,2868,12.35,180.00,-425.52,11.95
367594,2868,12.35,147.00,-425.21,12.40
367619,2868,12.35,179.00,-424.91,11.95
367644,2868,12.35,139.00,-424.61,11.95
367669,2868,12.35,150.00,-424.30,12.45
367694,2868,12.35,169.00,-424.01,11.89
367719,2868,12.35,114.00,-423.69,12.45
367744,2868,12.35,155.00,-423.40,11.95
367769,2868,12.35,144.00,-423.10,11.95
367794,2868,12.35,122.00,-422.79,12.45
367819,1951,12.35,102.00,-422.49,11.95
367844,1951,12.35,-105.00,-422.19,11.78
367869,1951,12.35,-38.00,-421.93,10.49
367894,1951,12.35,28.00,-421.67,10.38
367919,1951,12.35,24.00,-421.43,9.59
367944,1951,12.35,39.00,-421.20,9.20
367969,1951,12.35,41.00,-420.97,9.26
367994,1951,12.35,38.00,-420.76,8.47
368019,1951,12.35,98.00,-420.54,8.58
368044,1951,12.35,82.00,-420.34,8.19
368069,1951,12.35,99.00,-420.13,8.13
368094,1951,12.35,115.00,-419.93,8.36
368119,1951,12.35,86.00,-419.73,8.02
368144,1951,12.35,126.00,-419.52,8.36
368169,1951,12.35,102.00,-419.32,8.02
368194,1951,12.35,96.00,-419.11,8.30
368219,1951,12.35,129.00,-418.91,8.02
368244,1951,12.35,113.00,-418.71,7.97
368269,1951,12.35,122.00,-418.50,8.36
368294,1951,12.35,98.00,-418.30,7.97
368319,1951,12.35,104.00,-418.09,8.36
368344,1951,12.35,119.00,-417.89,7.97
368369,1951,12.35,115.00,-417.69,7.97
368394,1951,12.35,120.00,-417.48,8.36
368419,1951,12.35,109.00,-417.28,7.97
368444,1951,12.35,130.00,-417.08,8.36
368469,1951,12.35,113.00,-416.88,7.97
368494,1951,12.35,120.00,-416.67,8.30
368519,1951,12.35,99.00,-416.47,8.02
368544,1951,12.35,114.00,-416.27,8.02
368569,1951,12.35,125.00,-416.06,8.30
368594,1951,12.35,104.00,-415.86,8.02
368619,1951,12.35,103.00,-415.65,8.30
368644,1951,12.35,109.00,-415.45,8.02
368669,1951,12.35,131.00,-415.25,7.97
368694,1951,12.35,111.00,-415.04,8.36
368719,1951,12.35,117.00,-414.84,7.97
368744,1951,12.35,118.00,-414.64,8.30
368769,1951,12.35,104.00,-414.44,8.02
368794,1951,12.35,123.00,-414.24,8.02
368819,879,12.35,98.00,-414.03,8.30
368844,879,12.35,-121.00,-413.85,7.12
368869,879,12.35,-50.00,-413.70,6.06
368894,879,12.35,-16.00,-413.57,4.99
368919,879,12.35,17.00,-413.46,4.71
368944,879,12.35,23.00,-413.35,4.10
368969,879,12.35,28.00,-413.26,3.93
368994,879,12.35,31.00,-413.16,3.81
369019,879,12.35,49.00,-413.07,3.53
369044,879,12.35,49.00,-412.98,3.65
369069,879,12.35,53.00,-412.90,3.42
369094,879,12.35,51.00,-412.81,3.42
369119,879,12.35,54.00,-412.72,3.53
369144,879,12.35,55.00,-412.64,3.42
369169,879,12.35,55.00,-412.55,3.53
369194,879,12.35,56.00,-412.46,3.42
369219,879,12.35,53.00,-412.37,3.59
369244,879,12.35,57.00,-412.29,3.37
369269,879,12.35,59.00,-412.20,3.42
369294,879,12.35,56.00,-412.11,3.53
369319,879,12.35,54.00,-412.03,3.42
369344,879,12.35,57.00,-411.94,3.53
369369,879,12.35,61.00,-411.85,3.42
369394,879,12.35,54.00,-411.77,3.42
369419,879,12.35,56.00,-411.68,3.53
369444,879,12.35,58.00,-411.59,3.42
369469,879,12.35,56.00,-411.51,3.59
369494,879,12.35,51.00,-411.42,3.37
369519,879,12.35,53.00,-411.34,3.42
369544,879,12.35,51.00,-411.25,3.53
369569,879,12.35,53.00,-411.16,3.42
369594,879,12.35,60.00,-411.07,3.53
369619,879,12.35,60.00,-410.99,3.42
369644,879,12.35,50.00,-410.90,3.53
369669,879,12.35,51.00,-410.81,3.42
369694,879,12.35,54.00,-410.73,3.42
369719,879,12.35,56.00,-410.64,3.53
369744,879,12.35,60.00,-410.55,3.42
369769,879,12.35,58.00,-410.46,3.59
369794,879,12.35,59.00,-410.38,3.37
369819,-264,12.35,55.00,-410.29,3.42
369844,-264,12.35,74.00,-410.24,2.36
369869,-264,12.35,48.00,-410.22,0.67
369894,-264,12.35,37.00,-410.22,-0.22
369919,-264,12.35,29.00,-410.24,-0.50
369944,-264,12.35,25.00,-410.25,-0.67
369969,-264,12.35,24.00,-410.27,-0.73
369994,-264,12.35,23.00,-410.29,-0.73
370019,-264,12.35,25.00,-410.31,-0.84
370044,-264,12.35,20.00,-410.33,-0.79
370069,-264,12.35,21.00,-410.35,-0.84
370094,-264,12.35,24.00,-410.37,-0.84
370119,-264,12.35,20.00,-410.39,-0.79
370144,-264,12.35,22.00,-410.41,-0.84
370169,-264,12.35,26.00,-410.44,-0.84
370194,-264,12.35,21.00,-410.46,-0.84
370219,-264,12.35,23.00,-410.48,-0.79
370244,-264,12.35,24.00,-410.50,-0.84
370269,-264,12.35,19.00,-410.52,-0.84
370294,-264,12.35,24.00,-410.54,-0.79
370319,-264,12.35,22.00,-410.56,-0.84
370344,-264,12.35,20.00,-410.58,-0.79
370369,-264,12.35,21.00,-410.60,-0.84
370394,-264,12.35,20.00,-410.62,-0.84
370419,-264,12.35,26.00,-410.64,-0.79
370444,-264,12.35,19.00,-410.66,-0.84
370469,-264,12.35,20.00,-410.68,-0.79
370494,-264,12.35,25.00,-410.70,-0.84
370519,-264,12.35,21.00,-410.72,-0.79
370544,-264,12.35,19.00,-410.74,-0.79
370569,-264,12.35,23.00,-410.76,-0.84
370594,-264,12.35,22.00,-410.78,-0.84
370619,-264,12.35,22.00,-410.80,-0.79
370644,-264,12.35,25.00,-410.82,-0.79
370669,-264,12.35,21.00,-410.84,-0.84
370694,-264,12.35,20.00,-410.86,-0.84
370719,-264,12.35,24.00,-410.88,-0.79
370744,-264,12.35,20.00,-410.90,-0.79
370769,-264,12.35,25.00,-410.92,-0.84
370794,-264,12.35,22.00,-410.94,-0.79
370819,-1389,12.35,20.00,-410.96,-0.79
370844,-1389,12.35,416.00,-411.01,-1.80
370869,-1389,12.35,260.00,-411.09,-3.42
370894,-1389,12.35,198.00,-411.20,-4.15
370919,-1389,12.35,144.00,-411.32,-4.88
370944,-1389,12.35,114.00,-411.44,-4.99
370969,-1389,12.35,121.00,-411.57,-5.11
370994,-1389,12.35,100.00,-411.71,-5.50
371019,-1389,12.35,90.00,-411.84,-5.33
371044,-1389,12.35,78.00,-411.98,-5.55
371069,-1389,12.35,95.00,-412.12,-5.44
371094,-1389,12.35,93.00,-412.26,-5.61
371119,-1389,12.35,96.00,-412.39,-5.44
371144,-1389,12.35,76.00,-412.53,-5.44
371169,-1389,12.35,82.00,-412.67,-5.67
371194,-1389,12.35,90.00,-412.81,-5.44
371219,-1389,12.35,79.00,-412.95,-5.67
371244,-1389,12.35,95.00,-413.09,-5.50
371269,-1389,12.35,87.00,-413.22,-5.44
371294,-1389,12.35,82.00,-413.36,-5.67
371319,-1389,12.35,83.00,-413.50,-5.44
371344,-1389,12.35,98.00,-413.64,-5.72
371369,-1389,12.35,82.00,-413.78,-5.44
371394,-1389,12.35,81.00,-413.92,-5.67
371419,-1389,12.35,73.00,-414.06,-5.50
371444,-1389,12.35,84.00,-414.20,-5.44
371469,-1389,12.35,79.00,-414.34,-5.72
371494,-1389,12.35,69.00,-414.47,-5.44
371519,-1389,12.35,70.00,-414.62,-5.72
371544,-1389,12.35,69.00,-414.75,-5.44
371569,-1389,12.35,74.00,-414.89,-5.44
371594,-1389,12.35,92.00,-415.03,-5.72
371619,-1389,12.35,83.00,-415.17,-5.44
371644,-1389,12.35,73.00,-415.31,-5.72
371669,-1389,12.35,77.00,-415.45,-5.44
371694,-1389,12.35,98.00,-415.59,-5.72
371719,-1389,12.35,74.00,-415.73,-5.44
371744,-1389,12.35,58.00,-415.86,-5.50
371769,-1389,12.35,72.00,-416.01,-5.67
371794,-1389,12.35,83.00,-416.14,-5.50
371819,-2408,12.35,78.00,-416.28,-5.67
371844,-2408,12.35,612.00,-416.44,-6.23
371869,-2408,12.35,456.00,-416.63,-7.46
371894,-2408,12.35,311.00,-416.84,-8.58
371919,-2408,12.35,263.00,-417.06,-8.75
371944,-2408,12.35,205.00,-417.30,-9.42
371969,-2408,12.35,192.00,-417.53,-9.26
371994,-2408,12.35,162.00,-417.76,-9.37
372019,-2408,12.35,174.00,-418.01,-9.87
372044,-2408,12.35,144.00,-418.25,-9.59
372069,-2408,12.35,138.00,-418.50,-9.99
372094,-2408,12.35,114.00,-418.74,-9.65
372119,-2408,12.35,132.00,-418.99,-10.04
372144,-2408,12.35,150.00,-419.23,-9.65
372169,-2408,12.35,123.00,-419.47,-9.65
372194,-2408,12.35,147.00,-419.72,-10.04
372219,-2408,12.35,142.00,-419.97,-9.71
372244,-2408,12.35,130.00,-420.22,-10.04
372269,-2408,12.35,118.00,-420.46,-9.71
372294,-2408,12.35,124.00,-420.70,-9.65
372319,-2408,12.35,136.00,-420.95,-10.10
372344,-2408,12.35,131.00,-421.20,-9.71
372369,-2408,12.35,142.00,-421.45,-10.10
372394,-2408,12.35,126.00,-421.69,-9.71
372419,-2408,12.35,140.00,-421.94,-10.10
372444,-2408,12.35,125.00,-422.19,-9.65
372469,-2408,12.35,137.00,-422.43,-9.71
372494,-2408,12.35,98.00,-422.68,-10.10
372519,-2408,12.35,124.00,-422.92,-9.65
372544,-2408,12.35,90.00,-423.17,-10.10
372569,-2408,12.35,126.00,-423.42,-9.71
372594,-2408,12.35,116.00,-423.66,-9.65
372619,-2408,12.35,149.00,-423.91,-10.10
372644,-2408,12.35,109.00,-424.15,-9.71
372669,-2408,12.35,136.00,-424.40,-10.04
372694,-2408,12.35,112.00,-424.65,-9.65
372719,-2408,12.35,96.00,-424.89,-9.65
372744,-2408,12.35,128.00,-425.14,-10.10
372769,-2408,12.35,98.00,-425.38,-9.71
372794,-2408,12.35,134.00,-425.63,-10.04
372819,-3237,12.35,134.00,-425.88,-9.71
372844,-3237,12.35,688.00,-426.14,-10.66
372869,-3237,12.35,467.00,-426.42,-11.16
372894,-3237,12.35,356.00,-426.71,-11.72
372919,-3237,12.35,301.00,-427.03,-12.73
372944,-3237,12.35,271.00,-427.34,-12.45
372969,-3237,12.35,223.00,-427.67,-13.18
372994,-3237,12.35,201.00,-427.99,-12.85
373019,-3237,12.35,192.00,-428.32,-12.85
373044,-3237,12.35,180.00,-428.65,-13.52
373069,-3237,12.35,172.00,-428.98,-13.02
373094,-3237,12.35,166.00,-429.32,-13.58
373119,-3237,12.35,148.00,-429.65,-13.07
373144,-3237,12.35,155.00,-429.98,-13.58
373169,-3237,12.35,140.00,-430.31,-13.07
373194,-3237,12.35,154.00,-430.64,-13.07
373219,-3237,12.35,180.00,-430.98,-13.63
373244,-3237,12.35,182.00,-431.31,-13.07
373269,-3237,12.35,186.00,-431.65,-13.63
373294,-3237,12.35,144.00,-431.97,-13.13
373319,-3237,12.35,129.00,-432.30,-13.07
373344,-3237,12.35,136.00,-432.64,-13.69
373369,-3237,12.35,183.00,-432.97,-13.07
373394,-3237,12.35,164.00,-433.31,-13.69
373419,-3237,12.35,164.00,-433.64,-13.13
373444,-3237,12.35,135.00,-433.97,-13.13
373469,-3237,12.35,154.00,-434.31,-13.63
373494,-3237,12.35,168.00,-434.64,-13.13
373519,-3237,12.35,157.00,-434.98,-13.69
373544,-3237,12.35,131.00,-435.31,-13.13
373569,-3237,12.35,164.00,-435.65,-13.63
373594,-3237,12.35,172.00,-435.98,-13.13
373619,-3237,12.35,180.00,-436.30,-13.07
373644,-3237,12.35,140.00,-436.64,-13.63
373669,-3237,12.35,144.00,-436.97,-13.13
373694,-3237,12.35,140.00,-437.31,-13.63
373719,-3237,12.35,162.00,-437.64,-13.07
373744,-3237,12.35,171.00,-437.97,-13.13
373769,-3237,12.35,181.00,-438.31,-13.69
373794,-3237,12.35,130.00,-438.64,-13.13
373819,-3811,12.35,155.00,-438.98,-13.63
373844,-3811,12.35,530.00,-439.32,-13.46
373869,-3811,12.35,440.00,-439.68,-14.70
373894,-3811,12.35,365.00,-440.05,-14.47
373919,-3811,12.35,295.00,-440.41,-14.75
373944,-3811,12.35,254.00,-440.80,-15.60
373969,-3811,12.35,226.00,-441.18,-15.15
373994,-3811,12.35,227.00,-441.58,-15.88
374019,-3811,12.35,205.00,-441.96,-15.26
374044,-3811,12.35,202.00,-442.34,-15.32
374069,-3811,12.35,176.00,-442.75,-16.04
374094,-3811,12.35,198.00,-443.13,-15.37
374119,-3811,12.35,174.00,-443.53,-16.04
374144,-3811,12.35,186.00,-443.92,-15.43
374169,-3811,12.35,176.00,-444.30,-15.43
374194,-3811,12.35,173.00,-444.71,-16.10
374219,-3811,12.35,183.00,-445.09,-15.48
374244,-3811,12.35,165.00,-445.49,-16.10
374269,-3811,12.35,174.00,-445.88,-15.48
374294,-3811,12.35,170.00,-446.28,-16.10
374319,-3811,12.35,185.00,-446.67,-15.48
374344,-3811,12.35,168.00,-447.06,-15.43
374369,-3811,12.35,161.00,-447.46,-16.10
374394,-3811,12.35,175.00,-447.85,-15.48
374419,-3811,12.35,163.00,-448.25,-16.16
374444,-3811,12.35,169.00,-448.64,-15.48
374469,-3811,12.35,171.00,-449.02,-15.43
374494,-3811,12.35,169.00,-449.43,-16.10
374519,-3811,12.35,170.00,-449.81,-15.43
374544,-3811,12.35,181.00,-450.21,-16.10
374569,-3811,12.35,171.00,-450.60,-15.48
374594,-3811,12.35,178.00,-451.00,-16.10
374619,-3811,12.35,179.00,-451.39,-15.43
374644,-3811,12.35,168.00,-451.78,-15.48
374669,-3811,12.35,172.00,-452.18,-16.10
374694,-3811,12.35,169.00,-452.57,-15.48
374719,-3811,12.35,177.00,-452.97,-16.10
374744,-3811,12.35,157.00,-453.36,-15.48
374769,-3811,12.35,164.00,-453.74,-15.48
374794,-3811,12.35,169.00,-454.15,-16.10
374819,-4079,12.35,182.00,-454.53,-15.48
374844,-4079,12.35,339.00,-454.94,-16.27
374869,-4079,12.35,285.00,-455.34,-15.88
374894,-4079,12.35,260.00,-455.75,-16.72
374919,-4079,12.35,243.00,-456.16,-16.21
374944,-4079,12.35,224.00,-456.57,-16.27
374969,-4079,12.35,194.00,-456.99,-17.05
374994,-4079,12.35,207.00,-457.40,-16.38
375019,-4079,12.35,204.00,-457.83,-17.17
375044,-4079,12.35,192.00,-458.24,-16.44
375069,-4079,12.35,199.00,-458.65,-16.49
375094,-4079,12.35,190.00,-459.08,-17.22
375119,-4079,12.35,179.00,-459.50,-16.49
375144,-4079,12.35,185.00,-459.93,-17.22
375169,-4079,12.35,183.00,-460.34,-16.55
375194,-4079,12.35,183.00,-460.76,-16.55
375219,-4079,12.35,191.00,-461.19,-17.22
375244,-4079,12.35,189.00,-461.60,-16.55
375269,-4079,12.35,180.00,-462.03,-17.22
375294,-4079,12.35,185.00,-462.44,-16.49
375319,-4079,12.35,185.00,-462.87,-17.22
375344,-4079,12.35,192.00,-463.29,-16.55
375369,-4079,12.35,182.00,-463.70,-16.55
375394,-4079,12.35,187.00,-464.13,-17.22
375419,-4079,12.35,177.00,-464.54,-16.55
375444,-4079,12.35,177.00,-464.98,-17.28
375469,-4079,12.35,179.00,-465.39,-16.55
375494,-4079,12.35,176.00,-465.80,-16.55
375519,-4079,12.35,192.00,-466.23,-17.22
375544,-4079,12.35,183.00,-466.65,-16.55
375569,-4079,12.35,185.00,-467.08,-17.22
375594,-4079,12.35,178.00,-467.49,-16.55
375619,-4079,12.35,194.00,-467.92,-17.28
375644,-4079,12.35,182.00,-468.34,-16.49
375669,-4079,12.35,200.00,-468.75,-16.55
375694,-4079,12.35,182.00,-469.18,-17.22
375719,-4079,12.35,184.00,-469.60,-16.55
375744,-4079,12.35,172.00,-470.03,-17.22
375769,-4079,12.35,196.00,-470.44,-16.55
375794,-4079,12.35,190.00,-470.85,-16.55
375819,-4019,12.35,195.00,-471.29,-17.28
375844,-4019,12.35,130.00,-471.70,-16.49
375869,-4019,12.35,154.00,-472.13,-17.17
375894,-4019,12.35,158.00,-472.54,-16.44
375919,-4019,12.35,152.00,-472.95,-16.38
375944,-4019,12.35,166.00,-473.37,-17.05
375969,-4019,12.35,180.00,-473.78,-16.38
375994,-4019,12.35,178.00,-474.21,-17.00
376019,-4019,12.35,173.00,-474.62,-16.38
376044,-4019,12.35,188.00,-475.04,-17.00
376069,-4019,12.35,177.00,-475.45,-16.33
376094,-4019,12.35,187.00,-475.86,-16.27
376119,-4019,12.35,187.00,-476.28,-17.00
376144,-4019,12.35,186.00,-476.69,-16.38
376169,-4019,12.35,184.00,-477.12,-17.00
376194,-4019,12.35,173.00,-477.52,-16.33
376219,-4019,12.35,171.00,-477.93,-16.33
376244,-4019,12.35,165.00,-478.36,-17.00
376269,-4019,12.35,181.00,-478.77,-16.33
376294,-4019,12.35,177.00,-479.19,-17.00
376319,-4019,12.35,184.00,-479.60,-16.33
376344,-4019,12.35,172.00,-480.02,-17.00
376369,-4019,12.35,180.00,-480.43,-16.33
376394,-4019,12.35,165.00,-480.84,-16.27
376419,-4019,12.35,180.00,-481.26,-17.00
376444,-4019,12.35,168.00,-481.67,-16.33
376469,-4019,12.35,184.00,-482.10,-17.00
376494,-4019,12.35,181.00,-482.50,-16.27
376519,-4019,12.35,187.00,-482.91,-16.33
376544,-4019,12.35,189.00,-483.34,-17.00
376569,-4019,12.35,182.00,-483.74,-16.33
376594,-4019,12.35,182.00,-484.17,-17.00
376619,-4019,12.35,176.00,-484.58,-16.33
376644,-4019,12.35,179.00,-484.99,-16.33
376669,-4019,12.35,186.00,-485.41,-17.00
376694,-4019,12.35,192.00,-485.82,-16.33
376719,-4019,12.35,189.00,-486.24,-17.00
376744,-4019,12.35,187.00,-486.65,-16.33
376769,-4019,12.35,185.00,-487.08,-17.00
376794,-4019,12.35,174.00,-487.49,-16.33
376819,-3631,12.35,173.00,-487.89,-16.27
376844,-3631,12.35,-18.00,-488.31,-16.77
376869,-3631,12.35,8.00,-488.71,-15.76
376894,-3631,12.35,-7.00,-489.11,-16.04
376919,-3631,12.35,108.00,-489.49,-15.20
376944,-3631,12.35,99.00,-489.86,-15.09
376969,-3631,12.35,128.00,-490.25,-15.60
376994,-3631,12.35,160.00,-490.63,-14.92
377019,-3631,12.35,152.00,-491.01,-15.48
377044,-3631,12.35,154.00,-491.39,-14.87
377069,-3631,12.35,156.00,-491.77,-15.48
377094,-3631,12.35,156.00,-492.14,-14.87
377119,-3631,12.35,162.00,-492.51,-14.81
377144,-3631,12.35,163.00,-492.90,-15.37
377169,-3631,12.35,160.00,-493.27,-14.75
377194,-3631,12.35,173.00,-493.65,-15.37
377219,-3631,12.35,152.00,-494.02,-14.75
377244,-3631,12.35,173.00,-494.39,-14.75
377269,-3631,12.35,179.00,-494.77,-15.37
377294,-3631,12.35,145.00,-495.14,-14.75
377319,-3631,12.35,164.00,-495.53,-15.37
377344,-3631,12.35,176.00,-495.90,-14.75
377369,-3631,12.35,150.00,-496.27,-14.75
377394,-3631,12.35,169.00,-496.65,-15.37
377419,-3631,12.35,160.00,-497.02,-14.75
377444,-3631,12.35,162.00,-497.40,-15.37
377469,-3631,12.35,164.00,-497.77,-14.75
377494,-3631,12.35,154.00,-498.16,-15.37
377519,-3631,12.35,168.00,-498.52,-14.75
377544,-3631,12.35,152.00,-498.89,-14.75
377569,-3631,12.35,158.00,-499.28,-15.32
377594,-3631,12.35,184.00,-499.65,-14.75
377619,-3631,12.35,176.00,-500.03,-15.37
377644,-3631,12.35,162.00,-500.40,-14.70
377669,-3631,12.35,156.00,-500.77,-14.75
377694,-3631,12.35,170.00,-501.15,-15.37
377719,-3631,12.35,157.00,-501.52,-14.75
377744,-3631,12.35,147.00,-501.90,-15.32
377769,-3631,12.35,177.00,-502.27,-14.75
377794,-3631,12.35,183.00,-502.65,-15.37
377819,-2946,12.35,156.00,-503.02,-14.75
377844,-2946,12.35,-57.00,-503.38,-14.42
377869,-2946,12.35,-12.00,-503.74,-14.42
377894,-2946,12.35,-3.00,-504.08,-13.58
377919,-2946,12.35,-22.00,-504.43,-13.69
377944,-2946,12.35,26.00,-504.75,-12.85
377969,-2946,12.35,39.00,-505.06,-12.51
377994,-2946,12.35,121.00,-505.38,-12.73
378019,-2946,12.35,139.00,-505.68,-12.12
378044,-2946,12.35,141.00,-506.00,-12.57
378069,-2946,12.35,174.00,-506.29,-11.95
378094,-2946,12.35,123.00,-506.61,-12.51
378119,-2946,12.35,154.00,-506.90,-11.89
378144,-2946,12.35,142.00,-507.20,-11.95
378169,-2946,12.35,116.00,-507.51,-12.45
378194,-2946,12.35,157.00,-507.81,-11.89
378219,-2946,12.35,130.00,-508.12,-12.45
378244,-2946,12.35,183.00,-508.42,-11.95
378269,-2946,12.35,117.00,-508.72,-11.89
378294,-2946,12.35,150.00,-509.03,-12.40
378319,-2946,12.35,117.00,-509.33,-11.95
378344,-2946,12.35,139.00,-509.64,-12.45
378369,-2946,12.35,144.00,-509.94,-11.89
378394,-2946,12.35,141.00,-510.23,-11.89
378419,-2946,12.35,146.00,-510.54,-12.40
378444,-2946,12.35,146.00,-510.84,-11.95
378469,-2946,12.35,170.00,-511.15,-12.40
378494,-2946,12.35,138.00,-511.45,-11.89
378519,-2946,12.35,124.00,-511.76,-12.40
378544,-2946,12.35,176.00,-512.06,-11.89
378569,-2946,12.35,133.00,-512.35,-11.89
378594,-2946,12.35,193.00,-512.66,-12.40
378619,-2946,12.35,126.00,-512.96,-11.89
378644,-2946,12.35,177.00,-513.27,-12.40
378669,-2946,12.35,103.00,-513.57,-11.89
378694,-2946,12.35,161.00,-513.87,-11.95
378719,-2946,12.35,108.00,-514.18,-12.40
378744,-2946,12.35,175.00,-514.48,-11.89
378769,-2946,12.35,113.00,-514.79,-12.40
378794,-2946,12.35,184.00,-515.08,-11.95
378819,-2017,12.35,124.00,-515.39,-12.40
378844,-2017,12.35,-149.00,-515.68,-11.39
378869,-2017,12.35,-20.00,-515.94,-10.55
378894,-2017,12.35,7.00,-516.20,-10.49
378919,-2017,12.35,2.00,-516.45,-9.65
378944,-2017,12.35,6.00,-516.69,-9.76
378969,-2017,12.35,7.00,-516.91,-8.98
378994,-2017,12.35,4.00,-517.13,-8.70
379019,-2017,12.35,75.00,-517.35,-8.70
379044,-2017,12.35,104.00,-517.55,-8.25
379069,-2017,12.35,121.00,-517.77,-8.47
379094,-2017,12.35,86.00,-517.97,-8.19
379119,-2017,12.35,120.00,-518.17,-8.08
379144,-2017,12.35,111.00,-518.38,-8.41
379169,-2017,12.35,123.00,-518.59,-8.08
379194,-2017,12.35,123.00,-518.79,-8.36
379219,-2017,12.35,106.00,-519.00,-8.08
379244,-2017,12.35,109.00,-519.21,-8.41
379269,-2017,12.35,104.00,-519.41,-8.08
379294,-2017,12.35,116.00,-519.61,-8.08
379319,-2017,12.35,128.00,-519.82,-8.36
379344,-2017,12.35,117.00,-520.02,-8.08
379369,-2017,12.35,103.00,-520.23,-8.41
379394,-2017,12.35,103.00,-520.43,-8.08
379419,-2017,12.35,96.00,-520.64,-8.08
379444,-2017,12.35,99.00,-520.85,-8.41
379469,-2017,12.35,126.00,-521.05,-8.08
379494,-2017,12.35,108.00,-521.26,-8.41
379519,-2017,12.35,97.00,-521.46,-8.08
379544,-2017,12.35,83.00,-521.67,-8.47
379569,-2017,12.35,115.00,-521.87,-8.08
379594,-2017,12.35,112.00,-522.08,-8.08
379619,-2017,12.35,96.00,-522.29,-8.41
379644,-2017,12.35,124.00,-522.49,-8.08
379669,-2017,12.35,119.00,-522.70,-8.41
379694,-2017,12.35,105.00,-522.90,-8.08
379719,-2017,12.35,115.00,-523.10,-8.08
379744,-2017,12.35,98.00,-523.31,-8.41
379769,-2017,12.35,83.00,-523.52,-8.08
379794,-2017,12.35,97.00,-523.73,-8.41
379819,-919,12.35,121.00,-523.93,-8.02
379844,-919,12.35,-134.00,-524.11,-7.24
379869,-919,12.35,-46.00,-524.26,-6.17
379894,-919,12.35,-13.00,-524.39,-5.16
379919,-919,12.35,11.00,-524.51,-4.82
379944,-919,12.35,29.00,-524.62,-4.26
379969,-919,12.35,24.00,-524.72,-4.21
379994,-919,12.35,27.00,-524.82,-3.87
380019,-919,12.35,52.00,-524.91,-3.65
380044,-919,12.35,57.00,-525.01,-3.76
380069,-919,12.35,51.00,-525.09,-3.53
380094,-919,12.35,54.00,-525.19,-3.70
380119,-919,12.35,57.00,-525.27,-3.53
380144,-919,12.35,52.00,-525.36,-3.53
380169,-919,12.35,50.00,-525.46,-3.70
380194,-919,12.35,47.00,-525.54,-3.53
380219,-919,12.35,49.00,-525.63,-3.65
380244,-919,12.35,58.00,-525.72,-3.53
380269,-919,12.35,58.00,-525.81,-3.65
380294,-919,12.35,56.00,-525.90,-3.53
380319,-919,12.35,55.00,-525.99,-3.53
380344,-919,12.35,57.00,-526.08,-3.70
380369,-919,12.35,56.00,-526.17,-3.53
380394,-919,12.35,58.00,-526.26,-3.65
380419,-919,12.35,66.00,-526.35,-3.59
380444,-919,12.35,59.00,-526.44,-3.53
380469,-919,12.35,56.00,-526.53,-3.65
380494,-919,12.35,51.00,-526.62,-3.53
380519,-919,12.35,49.00,-526.71,-3.70
380544,-919,12.35,54.00,-526.80,-3.53
380569,-919,12.35,49.00,-526.89,-3.59
380594,-919,12.35,48.00,-526.98,-3.65
380619,-919,12.35,51.00,-527.07,-3.59
380644,-919,12.35,53.00,-527.16,-3.65
380669,-919,12.35,55.00,-527.25,-3.59
380694,-919,12.35,60.00,-527.34,-3.65
380719,-919,12.35,55.00,-527.43,-3.59
380744,-919,12.35,54.00,-527.52,-3.53
380769,-919,12.35,55.00,-527.62,-3.70
380794,-919,12.35,59.00,-527.70,-3.53
380819,259,12.35,64.00,-527.80,-3.70
380844,259,12.35,70.00,-527.85,-2.36
380869,259,12.35,46.00,-527.87,-0.79
380894,259,12.35,34.00,-527.87,0.00
380919,259,12.35,31.00,-527.87,0.34
380944,259,12.35,27.00,-527.85,0.62
380969,259,12.35,27.00,-527.83,0.67
380994,259,12.35,25.00,-527.81,0.79
381019,259,12.35,21.00,-527.80,0.73
381044,259,12.35,21.00,-527.78,0.79
381069,259,12.35,26.00,-527.76,0.84
381094,259,12.35,19.00,-527.74,0.79
381119,259,12.35,24.00,-527.71,0.84
381144,259,12.35,20.00,-527.69,0.84
381169,259,12.35,22.00,-527.67,0.79
381194,259,12.35,24.00,-527.65,0.84
381219,259,12.35,19.00,-527.63,0.79
381244,259,12.35,22.00,-527.61,0.84
381269,259,12.35,22.00,-527.59,0.84
381294,259,12.35,19.00,-527.57,0.84
381319,259,12.35,22.00,-527.55,0.79
381344,259,12.35,23.00,-527.53,0.84
381369,259,12.35,19.00,-527.51,0.84
381394,259,12.35,23.00,-527.49,0.79
381419,259,12.35,21.00,-527.47,0.84
381444,259,12.35,22.00,-527.45,0.84
381469,259,12.35,24.00,-527.43,0.79
381494,259,12.35,19.00,-527.41,0.84
381519,259,12.35,24.00,-527.39,0.84
381544,259,12.35,19.00,-527.36,0.84
381569,259,12.35,21.00,-527.34,0.79
381594,259,12.35,25.00,-527.32,0.84
381619,259,12.35,19.00,-527.30,0.84
381644,259,12.35,21.00,-527.28,0.79
381669,259,12.35,23.00,-527.26,0.84
381694,259,12.35,19.00,-527.24,0.84
381719,259,12.35,23.00,-527.22,0.84
381744,259,12.35,21.00,-527.20,0.79
381769,259,12.35,19.00,-527.18,0.79
381794,259,12.35,23.00,-527.16,0.84
381819,1418,12.35,21.00,-527.14,0.84
381844,1418,12.35,399.00,-527.09,1.96
381869,1418,12.35,266.00,-527.00,3.42
381894,1418,12.35,199.00,-526.89,4.38
381919,1418,12.35,150.00,-526.77,5.05
381944,1418,12.35,123.00,-526.64,5.16
381969,1418,12.35,112.00,-526.50,5.61
381994,1418,12.35,101.00,-526.36,5.55
382019,1418,12.35,80.00,-526.22,5.78
382044,1418,12.35,109.00,-526.07,5.67
382069,1418,12.35,96.00,-525.93,5.61
382094,1418,12.35,99.00,-525.78,5.95
382119,1418,12.35,91.00,-525.64,5.67
382144,1418,12.35,92.00,-525.50,5.89
382169,1418,12.35,91.00,-525.35,5.72
382194,1418,12.35,70.00,-525.21,5.67
382219,1418,12.35,93.00,-525.06,5.95
382244,1418,12.35,86.00,-524.92,5.67
382269,1418,12.35,95.00,-524.77,5.89
382294,1418,12.35,84.00,-524.63,5.72
382319,1418,12.35,80.00,-524.49,5.67
382344,1418,12.35,85.00,-524.34,5.95
382369,1418,12.35,98.00,-524.20,5.67
382394,1418,12.35,89.00,-524.05,5.89
382419,1418,12.35,85.00,-523.91,5.72
382444,1418,12.35,100.00,-523.76,5.89
382469,1418,12.35,92.00,-523.62,5.72
382494,1418,12.35,84.00,-523.48,5.67
382519,1418,12.35,85.00,-523.33,5.95
382544,1418,12.35,102.00,-523.19,5.67
382569,1418,12.35,82.00,-523.04,5.95
382594,1418,12.35,94.00,-522.90,5.67
382619,1418,12.35,89.00,-522.75,5.72
382644,1418,12.35,86.00,-522.60,5.95
382669,1418,12.35,87.00,-522.46,5.72
382694,1418,12.35,98.00,-522.31,5.89
382719,1418,12.35,82.00,-522.17,5.72
382744,1418,12.35,92.00,-522.02,5.95
382769,1418,12.35,78.00,-521.88,5.67
382794,1418,12.35,94.00,-521.74,5.72
382819,2461,12.35,82.00,-521.59,5.89
382844,2461,12.35,650.00,-521.43,6.51
382869,2461,12.35,449.00,-521.22,8.13
382894,2461,12.35,358.00,-521.01,8.64
382919,2461,12.35,264.00,-520.78,9.14
382944,2461,12.35,203.00,-520.53,9.93
382969,2461,12.35,169.00,-520.29,9.71
382994,2461,12.35,170.00,-520.03,10.27
383019,2461,12.35,167.00,-519.78,9.99
383044,2461,12.35,170.00,-519.53,10.04
383069,2461,12.35,151.00,-519.27,10.49
383094,2461,12.35,163.00,-519.01,10.15
383119,2461,12.35,150.00,-518.75,10.49
383144,2461,12.35,173.00,-518.50,10.15
383169,2461,12.35,115.00,-518.23,10.60
383194,2461,12.35,144.00,-517.98,10.15
383219,2461,12.35,164.00,-517.73,10.15
383244,2461,12.35,135.00,-517.46,10.55
383269,2461,12.35,117.00,-517.21,10.21
383294,2461,12.35,153.00,-516.94,10.60
383319,2461,12.35,133.00,-516.69,10.15
383344,2461,12.35,120.00,-516.43,10.15
383369,2461,12.35,155.00,-516.17,10.66
383394,2461,12.35,152.00,-515.91,10.15
383419,2461,12.35,135.00,-515.65,10.60
383444,2461,12.35,121.00,-515.40,10.15
383469,2461,12.35,145.00,-515.13,10.60
383494,2461,12.35,156.00,-514.88,10.15
383519,2461,12.35,139.00,-514.62,10.15
383544,2461,12.35,126.00,-514.36,10.66
383569,2461,12.35,144.00,-514.10,10.15
383594,2461,12.35,141.00,-513.84,10.60
383619,2461,12.35,121.00,-513.58,10.15
383644,2461,12.35,155.00,-513.33,10.15
383669,2461,12.35,170.00,-513.06,10.60
383694,2461,12.35,115.00,-512.81,10.21
383719,2461,12.35,128.00,-512.54,10.60
383744,2461,12.35,132.00,-512.29,10.15
383769,2461,12.35,139.00,-512.04,10.15
383794,2461,12.35,137.00,-511.77,10.60
383819,3299,12.35,136.00,-511.52,10.21
383844,3299,12.35,624.00,-511.24,11.16
383869,3299,12.35,469.00,-510.94,11.72
383894,3299,12.35,397.00,-510.62,12.90
383919,3299,12.35,326.00,-510.30,12.73
383944,3299,12.35,257.00,-509.97,13.13
383969,3299,12.35,275.00,-509.63,13.80
383994,3299,12.35,226.00,-509.29,13.46
384019,3299,12.35,202.00,-508.94,14.14
384044,3299,12.35,187.00,-508.60,13.58
384069,3299,12.35,192.00,-508.26,13.69
384094,3299,12.35,198.00,-507.90,14.25
384119,3299,12.35,190.00,-507.56,13.74
384144,3299,12.35,181.00,-507.20,14.31
384169,3299,12.35,185.00,-506.86,13.74
384194,3299,12.35,157.00,-506.50,14.31
384219,3299,12.35,160.00,-506.15,13.80
384244,3299,12.35,183.00,-505.81,13.74
384269,3299,12.35,187.00,-505.45,14.36
384294,3299,12.35,171.00,-505.11,13.74
384319,3299,12.35,161.00,-504.75,14.36
384344,3299,12.35,193.00,-504.40,13.80
384369,3299,12.35,186.00,-504.06,13.80
384394,3299,12.35,176.00,-503.70,14.36
384419,3299,12.35,183.00,-503.35,13.80
384444,3299,12.35,185.00,-503.00,14.36
384469,3299,12.35,170.00,-502.65,13.80
384494,3299,12.35,162.00,-502.29,14.36
384519,3299,12.35,191.00,-501.95,13.74
384544,3299,12.35,162.00,-501.60,13.80
384569,3299,12.35,152.00,-501.24,14.36
384594,3299,12.35,165.00,-500.90,13.80
384619,3299,12.35,169.00,-500.54,14.36
384644,3299,12.35,147.00,-500.20,13.74
384669,3299,12.35,163.00,-499.85,13.80
384694,3299,12.35,186.00,-499.49,14.42
384719,3299,12.35,181.00,-499.15,13.74
384744,3299,12.35,171.00,-498.79,14.36
384769,3299,12.35,160.00,-498.44,13.80
384794,3299,12.35,169.00,-498.10,13.80
384819,3859,12.35,149.00,-497.74,14.36
384844,3859,12.35,530.00,-497.39,14.14
384869,3859,12.35,441.00,-497.00,15.37
384894,3859,12.35,357.00,-496.62,15.15
384919,3859,12.35,314.00,-496.22,16.10
384944,3859,12.35,288.00,-495.83,15.71
384969,3859,12.35,248.00,-495.43,15.82
384994,3859,12.35,235.00,-495.02,16.61
385019,3859,12.35,229.00,-494.62,15.99
385044,3859,12.35,201.00,-494.20,16.77
385069,3859,12.35,210.00,-493.79,16.16
385094,3859,12.35,190.00,-493.39,16.16
385119,3859,12.35,212.00,-492.97,16.89
385144,3859,12.35,206.00,-492.56,16.16
385169,3859,12.35,208.00,-492.14,16.94
385194,3859,12.35,200.00,-491.74,16.21
385219,3859,12.35,184.00,-491.31,16.89
385244,3859,12.35,191.00,-490.91,16.27
385269,3859,12.35,198.00,-490.50,16.21
385294,3859,12.35,200.00,-490.08,16.89
385319,3859,12.35,202.00,-489.67,16.27
385344,3859,12.35,195.00,-489.25,16.89
385369,3859,12.35,199.00,-488.84,16.27
385394,3859,12.35,195.00,-488.44,16.27
385419,3859,12.35,207.00,-488.01,16.89
385444,3859,12.35,205.00,-487.61,16.27
385469,3859,12.35,204.00,-487.19,16.89
385494,3859,12.35,200.00,-486.78,16.27
385519,3859,12.35,187.00,-486.37,16.27
385544,3859,12.35,205.00,-485.95,16.89
385569,3859,12.35,206.00,-485.54,16.27
385594,3859,12.35,198.00,-485.12,16.94
385619,3859,12.35,203.00,-484.71,16.27
385644,3859,12.35,185.00,-484.29,17.00
385669,3859,12.35,179.00,-483.88,16.27
385694,3859,12.35,181.00,-483.47,16.27
385719,3859,12.35,197.00,-483.05,16.94
385744,3859,12.35,176.00,-482.65,16.21
385769,3859,12.35,199.00,-482.22,17.00
385794,3859,12.35,178.00,-481.81,16.27
385819,4091,12.35,185.00,-481.41,16.27
385844,4091,12.35,345.00,-480.98,17.05
385869,4091,12.35,324.00,-480.56,16.66
385894,4091,12.35,279.00,-480.13,17.50
385919,4091,12.35,248.00,-479.70,16.94
385944,4091,12.35,239.00,-479.26,17.78
385969,4091,12.35,223.00,-478.83,17.11
385994,4091,12.35,225.00,-478.40,17.11
386019,4091,12.35,198.00,-477.95,17.95
386044,4091,12.35,219.00,-477.52,17.22
386069,4091,12.35,197.00,-477.08,17.90
386094,4091,12.35,212.00,-476.65,17.22
386119,4091,12.35,205.00,-476.21,17.28
386144,4091,12.35,209.00,-475.76,17.95
386169,4091,12.35,201.00,-475.33,17.28
386194,4091,12.35,207.00,-474.88,17.95
386219,4091,12.35,204.00,-474.45,17.28
386244,4091,12.35,205.00,-474.02,17.28
386269,4091,12.35,203.00,-473.57,18.01
386294,4091,12.35,189.00,-473.14,17.28
386319,4091,12.35,207.00,-472.69,18.01
386344,4091,12.35,198.00,-472.26,17.28
386369,4091,12.35,181.00,-471.81,17.95
386394,4091,12.35,215.00,-471.37,17.28
386419,4091,12.35,194.00,-470.94,17.28
386444,4091,12.35,193.00,-470.49,18.01
386469,4091,12.35,200.00,-470.06,17.22
386494,4091,12.35,192.00,-469.61,18.01
386519,4091,12.35,197.00,-469.18,17.22
386544,4091,12.35,197.00,-468.75,17.28
386569,4091,12.35,208.00,-468.30,17.95
386594,4091,12.35,191.00,-467.87,17.22
386619,4091,12.35,197.00,-467.42,18.01
386644,4091,12.35,207.00,-466.99,17.22
386669,4091,12.35,188.00,-466.54,17.95
386694,4091,12.35,206.00,-466.11,17.28
386719,4091,12.35,185.00,-465.68,17.28
386744,4091,12.35,197.00,-465.23,17.95
386769,4091,12.35,191.00,-464.80,17.28
386794,4091,12.35,191.00,-464.35,18.01
386819,3973,12.35,193.00,-463.92,17.22
386844,3973,12.35,119.00,-463.49,17.17
386869,3973,12.35,146.00,-463.04,17.78
386894,3973,12.35,154.00,-462.62,16.94
386919,3973,12.35,166.00,-462.18,17.62
386944,3973,12.35,184.00,-461.76,16.89
386969,3973,12.35,182.00,-461.33,16.83
386994,3973,12.35,172.00,-460.90,17.56
387019,3973,12.35,188.00,-460.48,16.77
387044,3973,12.35,197.00,-460.04,17.56
387069,3973,12.35,191.00,-459.62,16.77
387094,3973,12.35,195.00,-459.18,17.50
387119,3973,12.35,201.00,-458.76,16.72
387144,3973,12.35,177.00,-458.34,16.77
387169,3973,12.35,186.00,-457.91,17.50
387194,3973,12.35,188.00,-457.49,16.77
387219,3973,12.35,186.00,-457.05,17.45
387244,3973,12.35,189.00,-456.63,16.77
387269,3973,12.35,196.00,-456.21,16.77
387294,3973,12.35,189.00,-455.77,17.50
387319,3973,12.35,187.00,-455.35,16.77
387344,3973,12.35,211.00,-454.92,17.45
387369,3973,12.35,202.00,-454.50,16.77
387394,3973,12.35,186.00,-454.06,17.50
387419,3973,12.35,198.00,-453.64,16.77
387444,3973,12.35,197.00,-453.22,16.77
387469,3973,12.35,181.00,-452.78,17.50
387494,3973,12.35,172.00,-452.37,16.77
387519,3973,12.35,195.00,-451.93,17.45
387544,3973,12.35,185.00,-451.51,16.77
387569,3973,12.35,193.00,-451.09,16.77
387594,3973,12.35,194.00,-450.65,17.50
387619,3973,12.35,209.00,-450.23,16.77
387644,3973,12.35,187.00,-449.80,17.50
387669,3973,12.35,203.00,-449.38,16.77
387694,3973,12.35,211.00,-448.94,17.45
387719,3973,12.35,180.00,-448.52,16.77
387744,3973,12.35,183.00,-448.10,16.77
387769,3973,12.35,184.00,-447.67,17.45
387794,3973,12.35,183.00,-447.25,16.77
387819,3512,12.35,188.00,-446.81,17.50
387844,3512,12.35,-16.00,-446.40,16.55
387869,3512,12.35,7.00,-445.99,16.16
387894,3512,12.35,-12.00,-445.58,16.44
387919,3512,12.35,24.00,-445.19,15.43
387944,3512,12.35,119.00,-444.80,15.76
387969,3512,12.35,126.00,-444.42,15.03
387994,3512,12.35,144.00,-444.05,14.92
388019,3512,12.35,138.00,-443.66,15.54
388044,3512,12.35,153.00,-443.29,14.81
388069,3512,12.35,152.00,-442.91,15.43
388094,3512,12.35,189.00,-442.54,14.81
388119,3512,12.35,167.00,-442.15,15.43
388144,3512,12.35,147.00,-441.78,14.81
388169,3512,12.35,168.00,-441.41,14.81
388194,3512,12.35,173.00,-441.03,15.37
388219,3512,12.35,194.00,-440.66,14.81
388244,3512,12.35,178.00,-440.27,15.43
388269,3512,12.35,165.00,-439.90,14.75
388294,3512,12.35,169.00,-439.53,14.75
388319,3512,12.35,181.00,-439.15,15.37
388344,3512,12.35,155.00,-438.78,14.75
388369,3512,12.35,183.00,-438.39,15.43
388394,3512,12.35,186.00,-438.02,14.75
388419,3512,12.35,169.00,-437.64,15.37
388444,3512,12.35,150.00,-437.27,14.81
388469,3512,12.35,169.00,-436.90,14.75
388494,3512,12.35,179.00,-436.52,15.37
388519,3512,12.35,150.00,-436.15,14.81
388544,3512,12.35,176.00,-435.76,15.37
388569,3512,12.35,192.00,-435.39,14.75
388594,3512,12.35,160.00,-435.03,14.75
388619,3512,12.35,153.00,-434.64,15.37
388644,3512,12.35,184.00,-434.27,14.75
388669,3512,12.35,181.00,-433.89,15.37
388694,3512,12.35,161.00,-433.52,14.75
388719,3512,12.35,177.00,-433.15,14.70
388744,3512,12.35,180.00,-432.77,15.37
388769,3512,12.35,149.00,-432.40,14.81
388794,3512,12.35,181.00,-432.01,15.32
388819,2746,12.35,192.00,-431.64,14.81
388844,2746,12.35,-104.00,-431.27,14.92
388869,2746,12.35,-33.00,-430.93,13.69
388894,2746,12.35,19.00,-430.60,13.30
388919,2746,12.35,2.00,-430.26,13.52
388944,2746,12.35,1.00,-429.94,12.57
388969,2746,12.35,31.00,-429.62,12.79
388994,2746,12.35,48.00,-429.33,11.89
389019,2746,12.35,77.00,-429.03,11.67
389044,2746,12.35,141.00,-428.73,12.12
389069,2746,12.35,87.00,-428.44,11.56
389094,2746,12.35,169.00,-428.14,12.01
389119,2746,12.35,172.00,-427.86,11.50
389144,2746,12.35,187.00,-427.56,11.95
389169,2746,12.35,173.00,-427.27,11.50
389194,2746,12.35,187.00,-426.98,11.44
389219,2746,12.35,124.00,-426.69,11.89
389244,2746,12.35,120.00,-426.40,11.44
389269,2746,12.35,121.00,-426.10,11.95
389294,2746,12.35,151.00,-425.81,11.44
389319,2746,12.35,176.00,-425.53,11.39
389344,2746,12.35,179.00,-425.23,11.95
389369,2746,12.35,193.00,-424.95,11.44
389394,2746,12.35,186.00,-424.65,11.89
389419,2746,12.35,178.00,-424.36,11.44
389444,2746,12.35,141.00,-424.08,11.44
389469,2746,12.35,135.00,-423.78,11.89
389494,2746,12.35,117.00,-423.49,11.44
389519,2746,12.35,120.00,-423.19,11.95
389544,2746,12.35,110.00,-422.91,11.44
389569,2746,12.35,155.00,-422.61,11.89
389594,2746,12.35,139.00,-422.32,11.44
389619,2746,12.35,130.00,-422.04,11.44
389644,2746,12.35,119.00,-421.74,11.95
389669,2746,12.35,120.00,-421.45,11.44
389694,2746,12.35,118.00,-421.16,11.89
389719,2746,12.35,98.00,-420.87,11.44
389744,2746,12.35,119.00,-420.58,11.44
389769,2746,12.35,149.00,-420.29,11.89
389794,2746,12.35,155.00,-420.00,11.44
389819,1738,12.35,168.00,-419.70,11.95
389844,1738,12.35,-120.00,-419.43,10.72
389869,1738,12.35,-33.00,-419.18,10.21
389894,1738,12.35,-2.00,-418.95,9.20
389919,1738,12.35,24.00,-418.73,8.86
389944,1738,12.35,25.00,-418.51,8.81
389969,1738,12.35,34.00,-418.30,8.08
389994,1738,12.35,28.00,-418.10,8.08
390019,1738,12.35,68.00,-417.91,7.52
390044,1738,12.35,79.00,-417.73,7.29
390069,1738,12.35,92.00,-417.54,7.57
390094,1738,12.35,85.00,-417.36,7.18
390119,1738,12.35,94.00,-417.18,7.46
390144,1738,12.35,105.00,-417.00,7.12
390169,1738,12.35,126.00,-416.82,7.07
390194,1738,12.35,94.00,-416.64,7.41
390219,1738,12.35,87.00,-416.46,7.12
390244,1738,12.35,103.00,-416.28,7.35
390269,1738,12.35,101.00,-416.10,7.12
390294,1738,12.35,112.00,-415.91,7.41
390319,1738,12.35,113.00,-415.74,7.07
390344,1738,12.35,99.00,-415.56,7.12
390369,1738,12.35,102.00,-415.37,7.35
390394,1738,12.35,105.00,-415.20,7.12
390419,1738,12.35,110.00,-415.01,7.35
390444,1738,12.35,106.00,-414.83,7.07
390469,1738,12.35,107.00,-414.66,7.12
390494,1738,12.35,99.00,-414.47,7.35
390519,1738,12.35,102.00,-414.29,7.12
390544,1738,12.35,105.00,-414.11,7.35
390569,1738,12.35,115.00,-413.93,7.12
390594,1738,12.35,119.00,-413.75,7.41
390619,1738,12.35,98.00,-413.57,7.07
390644,1738,12.35,88.00,-413.39,7.07
390669,1738,12.35,118.00,-413.21,7.41
390694,1738,12.35,108.00,-413.03,7.07
390719,1738,12.35,112.00,-412.85,7.41
390744,1738,12.35,110.00,-412.67,7.07
390769,1738,12.35,109.00,-412.49,7.07
390794,1738,12.35,97.00,-412.31,7.41
390819,576,12.35,95.00,-412.13,7.07
390844,576,12.35,-88.00,-411.97,6.40
390869,576,12.35,-46.00,-411.86,4.54
390894,576,12.35,-11.00,-411.76,3.81
390919,576,12.35,7.00,-411.69,3.09
390944,576,12.35,15.00,-411.62,2.69
390969,576,12.35,19.00,-411.55,2.58
390994,576,12.35,21.00,-411.50,2.30
391019,576,12.35,35.00,-411.44,2.30
391044,576,12.35,41.00,-411.38,2.19
391069,576,12.35,38.00,-411.33,2.19
391094,576,12.35,40.00,-411.28,2.19
391119,576,12.35,34.00,-411.22,2.13
391144,576,12.35,33.00,-411.17,2.24
391169,576,12.35,40.00,-411.11,2.13
391194,576,12.35,36.00,-411.06,2.13
391219,576,12.35,43.00,-411.00,2.19
391244,576,12.35,31.00,-410.95,2.13
391269,576,12.35,41.00,-410.90,2.24
391294,576,12.35,35.00,-410.84,2.08
391319,576,12.35,46.00,-410.79,2.24
391344,576,12.35,35.00,-410.73,2.13
391369,576,12.35,40.00,-410.68,2.13
391394,576,12.35,35.00,-410.62,2.24
391419,576,12.35,33.00,-410.57,2.13
391444,576,12.35,45.00,-410.52,2.19
391469,576,12.35,35.00,-410.46,2.13
391494,576,12.35,42.00,-410.41,2.13
391519,576,12.35,33.00,-410.35,2.24
391544,576,12.35,40.00,-410.30,2.13
391569,576,12.35,38.00,-410.24,2.24
391594,576,12.35,39.00,-410.19,2.13
391619,576,12.35,37.00,-410.13,2.24
391644,576,12.35,32.00,-410.08,2.13
391669,576,12.35,42.00,-410.03,2.13
391694,576,12.35,35.00,-409.97,2.24
391719,576,12.35,47.00,-409.92,2.13
391744,576,12.35,32.00,-409.86,2.24
391769,576,12.35,39.00,-409.81,2.13
391794,576,12.35,37.00,-409.76,2.13
391819,-641,12.35,33.00,-409.70,2.19
391844,-641,12.35,167.00,-409.68,0.95
391869,-641,12.35,119.00,-409.69,-0.62
391894,-641,12.35,88.00,-409.73,-1.40
391919,-641,12.35,60.00,-409.77,-1.85
391944,-641,12.35,52.00,-409.83,-2.19
391969,-641,12.35,52.00,-409.89,-2.24
391994,-641,12.35,42.00,-409.94,-2.36
392019,-641,12.35,38.00,-410.00,-2.30
392044,-641,12.35,43.00,-410.06,-2.47
392069,-641,12.35,46.00,-410.12,-2.36
392094,-641,12.35,45.00,-410.18,-2.36
392119,-641,12.35,48.00,-410.24,-2.47
392144,-641,12.35,47.00,-410.30,-2.36
392169,-641,12.35,37.00,-410.36,-2.47
392194,-641,12.35,42.00,-410.42,-2.36
392219,-641,12.35,44.00,-410.48,-2.41
392244,-641,12.35,44.00,-410.54,-2.47
392269,-641,12.35,48.00,-410.60,-2.36
392294,-641,12.35,47.00,-410.67,-2.47
392319,-641,12.35,47.00,-410.72,-2.36
392344,-641,12.35,44.00,-410.78,-2.41
392369,-641,12.35,41.00,-410.84,-2.36
392394,-641,12.35,40.00,-410.90,-2.36
392419,-641,12.35,38.00,-410.96,-2.47
392444,-641,12.35,37.00,-411.02,-2.36
392469,-641,12.35,41.00,-411.08,-2.47
392494,-641,12.35,44.00,-411.14,-2.36
392519,-641,12.35,48.00,-411.20,-2.36
392544,-641,12.35,34.00,-411.26,-2.41
392569,-641,12.35,40.00,-411.32,-2.36
392594,-641,12.35,42.00,-411.38,-2.41
392619,-641,12.35,46.00,-411.44,-2.36
392644,-641,12.35,50.00,-411.50,-2.36
392669,-641,12.35,43.00,-411.56,-2.47
392694,-641,12.35,44.00,-411.62,-2.36
392719,-641,12.35,49.00,-411.68,-2.41
392744,-641,12.35,38.00,-411.74,-2.36
392769,-641,12.35,38.00,-411.80,-2.47
392794,-641,12.35,37.00,-411.86,-2.36
392819,-1803,12.35,41.00,-411.92,-2.36
392844,-1803,12.35,545.00,-412.01,-3.48
392869,-1803,12.35,392.00,-412.13,-4.82
392894,-1803,12.35,263.00,-412.28,-5.95
392919,-1803,12.35,188.00,-412.43,-6.34
392944,-1803,12.35,176.00,-412.60,-6.62
392969,-1803,12.35,140.00,-412.78,-7.12
392994,-1803,12.35,119.00,-412.95,-6.90
393019,-1803,12.35,95.00,-413.13,-7.35
393044,-1803,12.35,115.00,-413.31,-7.12
393069,-1803,12.35,117.00,-413.50,-7.41
393094,-1803,12.35,87.00,-413.67,-7.12
393119,-1803,12.35,106.00,-413.85,-7.18
393144,-1803,12.35,105.00,-414.04,-7.46
393169,-1803,12.35,84.00,-414.22,-7.12
393194,-1803,12.35,128.00,-414.41,-7.46
393219,-1803,12.35,105.00,-414.59,-7.18
393244,-1803,12.35,82.00,-414.76,-7.18
393269,-1803,12.35,97.00,-414.95,-7.46
393294,-1803,12.35,79.00,-415.13,-7.18
393319,-1803,12.35,121.00,-415.32,-7.46
393344,-1803,12.35,104.00,-415.50,-7.18
393369,-1803,12.35,92.00,-415.68,-7.18
393394,-1803,12.35,133.00,-415.86,-7.46
393419,-1803,12.35,90.00,-416.04,-7.18
393444,-1803,12.35,82.00,-416.23,-7.46
393469,-1803,12.35,119.00,-416.41,-7.18
393494,-1803,12.35,93.00,-416.59,-7.46
393519,-1803,12.35,83.00,-416.77,-7.18
393544,-1803,12.35,113.00,-416.95,-7.18
393569,-1803,12.35,91.00,-417.14,-7.46
393594,-1803,12.35,84.00,-417.32,-7.18
393619,-1803,12.35,91.00,-417.51,-7.46
393644,-1803,12.35,98.00,-417.69,-7.18
393669,-1803,12.35,118.00,-417.86,-7.12
393694,-1803,12.35,79.00,-418.05,-7.46
393719,-1803,12.35,113.00,-418.23,-7.18
393744,-1803,12.35,91.00,-418.42,-7.46
393769,-1803,12.35,93.00,-418.59,-7.12
393794,-1803,12.35,128.00,-418.78,-7.46
393819,-2809,12.35,91.00,-418.96,-7.18
393844,-2809,12.35,678.00,-419.16,-7.91
393869,-2809,12.35,509.00,-419.39,-9.37
393894,-2809,12.35,368.00,-419.64,-9.82
393919,-2809,12.35,313.00,-419.91,-10.77
393944,-2809,12.35,272.00,-420.17,-10.66
393969,-2809,12.35,217.00,-420.45,-10.88
393994,-2809,12.35,236.00,-420.73,-11.50
394019,-2809,12.35,203.00,-421.01,-11.16
394044,-2809,12.35,130.00,-421.31,-11.72
394069,-2809,12.35,164.00,-421.59,-11.22
394094,-2809,12.35,184.00,-421.88,-11.72
394119,-2809,12.35,126.00,-422.16,-11.33
394144,-2809,12.35,161.00,-422.45,-11.33
394169,-2809,12.35,132.00,-422.74,-11.84
394194,-2809,12.35,99.00,-423.03,-11.33
394219,-2809,12.35,171.00,-423.32,-11.78
394244,-2809,12.35,136.00,-423.60,-11.33
394269,-2809,12.35,148.00,-423.89,-11.39
394294,-2809,12.35,171.00,-424.18,-11.78
394319,-2809,12.35,98.00,-424.47,-11.33
394344,-2809,12.35,118.00,-424.76,-11.84
394369,-2809,12.35,167.00,-425.04,-11.33
394394,-2809,12.35,117.00,-425.33,-11.39
394419,-2809,12.35,116.00,-425.63,-11.84
394444,-2809,12.35,191.00,-425.91,-11.33
394469,-2809,12.35,133.00,-426.20,-11.84
394494,-2809,12.35,98.00,-426.49,-11.39
394519,-2809,12.35,182.00,-426.79,-11.84
394544,-2809,12.35,130.00,-427.07,-11.33
394569,-2809,12.35,109.00,-427.35,-11.39
394594,-2809,12.35,166.00,-427.65,-11.84
394619,-2809,12.35,150.00,-427.93,-11.39
394644,-2809,12.35,103.00,-428.23,-11.84
394669,-2809,12.35,111.00,-428.51,-11.39
394694,-2809,12.35,183.00,-428.80,-11.39
394719,-2809,12.35,167.00,-429.10,-11.84
394744,-2809,12.35,171.00,-429.38,-11.39
394769,-2809,12.35,108.00,-429.68,-11.89
394794,-2809,12.35,114.00,-429.96,-11.33
394819,-3565,12.35,176.00,-430.26,-11.84
394844,-3565,12.35,615.00,-430.55,-11.84
394869,-3565,12.35,475.00,-430.87,-12.62
394894,-3565,12.35,404.00,-431.21,-13.74
394919,-3565,12.35,308.00,-431.55,-13.58
394944,-3565,12.35,275.00,-431.91,-14.42
394969,-3565,12.35,225.00,-432.26,-14.08
394994,-3565,12.35,209.00,-432.62,-14.19
395019,-3565,12.35,203.00,-432.99,-14.87
395044,-3565,12.35,187.00,-433.35,-14.36
395069,-3565,12.35,184.00,-433.72,-14.98
395094,-3565,12.35,162.00,-434.08,-14.42
395119,-3565,12.35,165.00,-434.44,-14.42
395144,-3565,12.35,166.00,-434.82,-15.09
395169,-3565,12.35,164.00,-435.18,-14.47
395194,-3565,12.35,158.00,-435.56,-15.09
395219,-3565,12.35,162.00,-435.92,-14.47
395244,-3565,12.35,157.00,-436.30,-15.03
395269,-3565,12.35,162.00,-436.66,-14.53
395294,-3565,12.35,168.00,-437.02,-14.42
395319,-3565,12.35,171.00,-437.40,-15.09
395344,-3565,12.35,178.00,-437.76,-14.47
395369,-3565,12.35,175.00,-438.14,-15.03
395394,-3565,12.35,175.00,-438.50,-14.53
395419,-3565,12.35,177.00,-438.86,-14.47
395444,-3565,12.35,167.00,-439.24,-15.09
395469,-3565,12.35,158.00,-439.60,-14.47
395494,-3565,12.35,155.00,-439.98,-15.09
395519,-3565,12.35,154.00,-440.34,-14.47
395544,-3565,12.35,162.00,-440.72,-15.09
395569,-3565,12.35,163.00,-441.08,-14.47
395594,-3565,12.35,162.00,-441.44,-14.53
395619,-3565,12.35,163.00,-441.82,-15.09
395644,-3565,12.35,158.00,-442.18,-14.47
395669,-3565,12.35,162.00,-442.56,-15.09
395694,-3565,12.35,173.00,-442.92,-14.42
395719,-3565,12.35,166.00,-443.28,-14.47
395744,-3565,12.35,165.00,-443.66,-15.03
395769,-3565,12.35,162.00,-444.02,-14.47
395794,-3565,12.35,157.00,-444.40,-15.09
395819,-4003,12.35,173.00,-444.76,-14.42
395844,-4003,12.35,483.00,-445.13,-14.75
395869,-4003,12.35,373.00,-445.52,-15.76
395894,-4003,12.35,295.00,-445.91,-15.48
395919,-4003,12.35,271.00,-446.32,-16.38
395944,-4003,12.35,253.00,-446.71,-15.88
395969,-4003,12.35,223.00,-447.13,-16.66
395994,-4003,12.35,216.00,-447.53,-16.04
396019,-4003,12.35,203.00,-447.94,-16.16
396044,-4003,12.35,201.00,-448.36,-16.83
396069,-4003,12.35,181.00,-448.76,-16.16
396094,-4003,12.35,193.00,-449.18,-16.89
396119,-4003,12.35,176.00,-449.59,-16.21
396144,-4003,12.35,181.00,-449.99,-16.21
396169,-4003,12.35,174.00,-450.41,-16.89
396194,-4003,12.35,174.00,-450.82,-16.27
396219,-4003,12.35,181.00,-451.24,-16.94
396244,-4003,12.35,169.00,-451.65,-16.21
396269,-4003,12.35,180.00,-452.07,-16.94
396294,-4003,12.35,163.00,-452.48,-16.27
396319,-4003,12.35,173.00,-452.89,-16.27
396344,-4003,12.35,167.00,-453.31,-16.94
396369,-4003,12.35,182.00,-453.72,-16.27
396394,-4003,12.35,167.00,-454.14,-16.94
396419,-4003,12.35,175.00,-454.55,-16.27
396444,-4003,12.35,181.00,-454.95,-16.27
396469,-4003,12.35,185.00,-455.38,-16.89
396494,-4003,12.35,183.00,-455.78,-16.27
396519,-4003,12.35,189.00,-456.21,-16.89
396544,-4003,12.35,193.00,-456.61,-16.27
396569,-4003,12.35,197.00,-457.02,-16.27
396594,-4003,12.35,187.00,-457.44,-16.94
396619,-4003,12.35,188.00,-457.85,-16.27
396644,-4003,12.35,184.00,-458.27,-16.94
396669,-4003,12.35,183.00,-458.68,-16.27
396694,-4003,12.35,176.00,-459.10,-16.94
396719,-4003,12.35,176.00,-459.51,-16.27
396744,-4003,12.35,171.00,-459.92,-16.27
396769,-4003,12.35,179.00,-460.34,-16.94
396794,-4003,12.35,170.00,-460.75,-16.33
396819,-4080,12.35,180.00,-461.17,-16.94
396844,-4080,12.35,221.00,-461.58,-16.33
396869,-4080,12.35,232.00,-461.99,-16.33
396894,-4080,12.35,219.00,-462.42,-17.11
396919,-4080,12.35,199.00,-462.83,-16.44
396944,-4080,12.35,194.00,-463.26,-17.22
396969,-4080,12.35,182.00,-463.67,-16.49
396994,-4080,12.35,197.00,-464.10,-17.22
397019,-4080,12.35,191.00,-464.51,-16.55
397044,-4080,12.35,191.00,-464.93,-16.61
397069,-4080,12.35,177.00,-465.36,-17.22
397094,-4080,12.35,183.00,-465.77,-16.61
397119,-4080,12.35,180.00,-466.21,-17.22
397144,-4080,12.35,185.00,-466.62,-16.61
397169,-4080,12.35,174.00,-467.03,-16.55
397194,-4080,12.35,187.00,-467.47,-17.28
397219,-4080,12.35,181.00,-467.88,-16.55
397244,-4080,12.35,189.00,-468.31,-17.22
397269,-4080,12.35,177.00,-468.72,-16.55
397294,-4080,12.35,191.00,-469.16,-17.28
397319,-4080,12.35,189.00,-469.57,-16.55
397344,-4080,12.35,176.00,-469.98,-16.55
397369,-4080,12.35,184.00,-470.42,-17.28
397394,-4080,12.35,180.00,-470.83,-16.55
397419,-4080,12.35,190.00,-471.26,-17.28
397444,-4080,12.35,175.00,-471.68,-16.61
397469,-4080,12.35,186.00,-472.09,-16.55
397494,-4080,12.35,185.00,-472.52,-17.28
397519,-4080,12.35,176.00,-472.94,-16.61
397544,-4080,12.35,182.00,-473.37,-17.28
397569,-4080,12.35,173.00,-473.78,-16.55
397594,-4080,12.35,190.00,-474.20,-16.61
397619,-4080,12.35,182.00,-474.63,-17.22
397644,-4080,12.35,195.00,-475.04,-16.61
397669,-4080,12.35,184.00,-475.47,-17.22
397694,-4080,12.35,189.00,-475.89,-16.55
397719,-4080,12.35,187.00,-476.32,-17.28
397744,-4080,12.35,171.00,-476.74,-16.61
397769,-4080,12.35,177.00,-477.15,-16.55
397794,-4080,12.35,182.00,-477.58,-17.28
397819,-3787,12.35,185.00,-477.99,-16.55
397844,-3787,12.35,-21.00,-478.42,-17.11
397869,-3787,12.35,55.00,-478.83,-16.10
397894,-3787,12.35,90.00,-479.22,-15.93
397919,-3787,12.35,94.00,-479.63,-16.44
397944,-3787,12.35,120.00,-480.03,-15.65
397969,-3787,12.35,134.00,-480.43,-16.21
397994,-3787,12.35,166.00,-480.82,-15.48
398019,-3787,12.35,170.00,-481.22,-16.10
398044,-3787,12.35,167.00,-481.61,-15.48
398069,-3787,12.35,164.00,-481.99,-15.43
398094,-3787,12.35,157.00,-482.39,-16.04
398119,-3787,12.35,167.00,-482.78,-15.43
398144,-3787,12.35,149.00,-483.18,-16.04
398169,-3787,12.35,176.00,-483.57,-15.43
398194,-3787,12.35,168.00,-483.95,-15.43
398219,-3787,12.35,160.00,-484.35,-16.04
398244,-3787,12.35,179.00,-484.74,-15.37
398269,-3787,12.35,164.00,-485.14,-16.04
398294,-3787,12.35,165.00,-485.52,-15.43
398319,-3787,12.35,175.00,-485.91,-15.37
398344,-3787,12.35,177.00,-486.31,-16.04
398369,-3787,12.35,165.00,-486.69,-15.37
398394,-3787,12.35,177.00,-487.10,-16.04
398419,-3787,12.35,176.00,-487.48,-15.37
398444,-3787,12.35,167.00,-487.88,-15.99
398469,-3787,12.35,176.00,-488.26,-15.37
398494,-3787,12.35,170.00,-488.65,-15.37
398519,-3787,12.35,183.00,-489.05,-16.04
398544,-3787,12.35,164.00,-489.43,-15.37
398569,-3787,12.35,170.00,-489.83,-16.04
398594,-3787,12.35,172.00,-490.22,-15.43
398619,-3787,12.35,156.00,-490.60,-15.37
398644,-3787,12.35,177.00,-491.01,-16.04
398669,-3787,12.35,152.00,-491.39,-15.37
398694,-3787,12.35,181.00,-491.79,-16.04
398719,-3787,12.35,162.00,-492.18,-15.43
398744,-3787,12.35,166.00,-492.58,-15.99
398769,-3787,12.35,169.00,-492.96,-15.43
398794,-3787,12.35,188.00,-493.35,-15.32
398819,-3147,12.35,163.00,-493.75,-16.04
398844,-3147,12.35,-56.00,-494.12,-14.98
398869,-3147,12.35,33.00,-494.50,-15.15
398894,-3147,12.35,-4.00,-494.86,-14.25
398919,-3147,12.35,18.00,-495.20,-13.91
398944,-3147,12.35,15.00,-495.56,-14.14
398969,-3147,12.35,-9.00,-495.89,-13.24
398994,-3147,12.35,109.00,-496.23,-13.58
399019,-3147,12.35,108.00,-496.55,-12.96
399044,-3147,12.35,135.00,-496.87,-12.85
399069,-3147,12.35,127.00,-497.21,-13.41
399094,-3147,12.35,159.00,-497.53,-12.79
399119,-3147,12.35,116.00,-497.86,-13.35
399144,-3147,12.35,130.00,-498.18,-12.79
399169,-3147,12.35,149.00,-498.51,-13.30
399194,-3147,12.35,158.00,-498.83,-12.73
399219,-3147,12.35,153.00,-499.15,-12.73
399244,-3147,12.35,158.00,-499.48,-13.30
399269,-3147,12.35,157.00,-499.80,-12.68
399294,-3147,12.35,162.00,-500.13,-13.24
399319,-3147,12.35,160.00,-500.45,-12.73
399344,-3147,12.35,167.00,-500.77,-12.79
399369,-3147,12.35,153.00,-501.10,-13.30
399394,-3147,12.35,147.00,-501.42,-12.73
399419,-3147,12.35,132.00,-501.75,-13.30
399444,-3147,12.35,157.00,-502.07,-12.79
399469,-3147,12.35,149.00,-502.40,-13.30
399494,-3147,12.35,121.00,-502.72,-12.73
399519,-3147,12.35,138.00,-503.04,-12.79
399544,-3147,12.35,160.00,-503.37,-13.30
399569,-3147,12.35,126.00,-503.69,-12.73
399594,-3147,12.35,146.00,-504.02,-13.24
399619,-3147,12.35,136.00,-504.34,-12.79
399644,-3147,12.35,152.00,-504.66,-12.73
399669,-3147,12.35,135.00,-504.99,-13.30
399694,-3147,12.35,151.00,-505.31,-12.73
399719,-3147,12.35,173.00,-505.64,-13.24
399744,-3147,12.35,166.00,-505.96,-12.73
399769,-3147,12.35,182.00,-506.28,-12.73
399794,-3147,12.35,149.00,-506.61,-13.30
399819,-2216,12.35,155.00,-506.93,-12.73
399844,-2216,12.35,-137.00,-507.25,-12.73
399869,-2216,12.35,-22.00,-507.54,-11.44
399894,-2216,12.35,-13.00,-507.82,-11.50
399919,-2216,12.35,41.00,-508.09,-10.60
399944,-2216,12.35,50.00,-508.34,-10.27
399969,-2216,12.35,4.00,-508.60,-10.32
399994,-2216,12.35,14.00,-508.84,-9.65
400019,-2216,12.35,76.00,-509.09,-9.71
400044,-2216,12.35,87.00,-509.31,-9.09
400069,-2216,12.35,82.00,-509.54,-9.09
400094,-2216,12.35,111.00,-509.78,-9.37
400119,-2216,12.35,122.00,-510.00,-8.92
400144,-2216,12.35,133.00,-510.23,-9.37
400169,-2216,12.35,119.00,-510.46,-8.98
400194,-2216,12.35,112.00,-510.69,-9.31
400219,-2216,12.35,124.00,-510.91,-8.86
400244,-2216,12.35,112.00,-511.13,-8.92
400269,-2216,12.35,109.00,-511.37,-9.26
400294,-2216,12.35,148.00,-511.59,-8.92
400319,-2216,12.35,125.00,-511.82,-9.31
400344,-2216,12.35,140.00,-512.04,-8.92
400369,-2216,12.35,108.00,-512.27,-8.92
400394,-2216,12.35,123.00,-512.50,-9.31
400419,-2216,12.35,121.00,-512.72,-8.92
400444,-2216,12.35,124.00,-512.96,-9.31
400469,-2216,12.35,119.00,-513.18,-8.92
400494,-2216,12.35,116.00,-513.41,-9.31
400519,-2216,12.35,113.00,-513.64,-8.98
400544,-2216,12.35,115.00,-513.86,-8.92
400569,-2216,12.35,124.00,-514.09,-9.26
400594,-2216,12.35,116.00,-514.31,-8.92
400619,-2216,12.35,122.00,-514.55,-9.31
400644,-2216,12.35,128.00,-514.77,-8.92
400669,-2216,12.35,104.00,-514.99,-8.98
400694,-2216,12.35,121.00,-515.23,-9.26
400719,-2216,12.35,115.00,-515.45,-8.92
400744,-2216,12.35,130.00,-515.68,-9.31
400769,-2216,12.35,127.00,-515.90,-8.92
400794,-2216,12.35,124.00,-516.13,-8.92
400819,-1079,12.35,118.00,-516.36,-9.31
400844,-1079,12.35,-135.00,-516.56,-8.08
400869,-1079,12.35,-62.00,-516.74,-7.12
400894,-1079,12.35,-12.00,-516.89,-6.00
400919,-1079,12.35,-6.00,-517.03,-5.78
400944,-1079,12.35,16.00,-517.16,-5.16
400969,-1079,12.35,22.00,-517.29,-4.88
400994,-1079,12.35,41.00,-517.41,-4.88
401019,-1079,12.35,24.00,-517.52,-4.43
401044,-1079,12.35,48.00,-517.63,-4.49
401069,-1079,12.35,58.00,-517.74,-4.26
401094,-1079,12.35,53.00,-517.84,-4.21
401119,-1079,12.35,68.00,-517.95,-4.38
401144,-1079,12.35,62.00,-518.06,-4.15
401169,-1079,12.35,59.00,-518.17,-4.38
401194,-1079,12.35,62.00,-518.27,-4.15
401219,-1079,12.35,69.00,-518.38,-4.38
401244,-1079,12.35,57.00,-518.48,-4.15
401269,-1079,12.35,60.00,-518.59,-4.21
401294,-1079,12.35,68.00,-518.70,-4.38
401319,-1079,12.35,59.00,-518.80,-4.21
401344,-1079,12.35,52.00,-518.91,-4.32
401369,-1079,12.35,60.00,-519.01,-4.21
401394,-1079,12.35,65.00,-519.12,-4.15
401419,-1079,12.35,57.00,-519.23,-4.38
401444,-1079,12.35,58.00,-519.33,-4.21
401469,-1079,12.35,64.00,-519.44,-4.32
401494,-1079,12.35,58.00,-519.55,-4.21
401519,-1079,12.35,62.00,-519.65,-4.21
401544,-1079,12.35,76.00,-519.76,-4.32
401569,-1079,12.35,61.00,-519.86,-4.21
401594,-1079,12.35,62.00,-519.97,-4.38
401619,-1079,12.35,63.00,-520.08,-4.15
401644,-1079,12.35,64.00,-520.19,-4.38
401669,-1079,12.35,58.00,-520.29,-4.21
401694,-1079,12.35,73.00,-520.40,-4.15
401719,-1079,12.35,59.00,-520.51,-4.38
401744,-1079,12.35,62.00,-520.61,-4.15
401769,-1079,12.35,56.00,-520.72,-4.38
401794,-1079,12.35,70.00,-520.82,-4.21
401819,161,12.35,65.00,-520.93,-4.15
401844,161,12.35,50.00,-521.00,-3.03
401869,161,12.35,31.00,-521.03,-1.23
401894,161,12.35,26.00,-521.04,-0.34
401919,161,12.35,24.00,-521.04,0.06
401944,161,12.35,22.00,-521.04,0.06
401969,161,12.35,19.00,-521.04,0.17
401994,161,12.35,20.00,-521.03,0.28
402019,161,12.35,16.00,-521.02,0.39
402044,161,12.35,16.00,-521.01,0.39
402069,161,12.35,17.00,-521.00,0.39
402094,161,12.35,16.00,-520.99,0.39
402119,161,12.35,18.00,-520.98,0.39
402144,161,12.35,17.00,-520.97,0.39
402169,161,12.35,15.00,-520.96,0.45
402194,161,12.35,16.00,-520.95,0.45
402219,161,12.35,17.00,-520.94,0.34
402244,161,12.35,17.00,-520.93,0.45
402269,161,12.35,17.00,-520.92,0.39
402294,161,12.35,17.00,-520.91,0.39
402319,161,12.35,16.00,-520.90,0.45
402344,161,12.35,20.00,-520.89,0.39
402369,161,12.35,19.00,-520.88,0.39
402394,161,12.35,17.00,-520.87,0.45
402419,161,12.35,17.00,-520.86,0.39
402444,161,12.35,19.00,-520.85,0.39
402469,161,12.35,16.00,-520.84,0.45
402494,161,12.35,16.00,-520.83,0.39
402519,161,12.35,16.00,-520.82,0.39
402544,161,12.35,19.00,-520.81,0.39
402569,161,12.35,15.00,-520.80,0.39
402594,161,12.35,16.00,-520.78,0.45
402619,161,12.35,17.00,-520.77,0.45
402644,161,12.35,16.00,-520.77,0.34
402669,161,12.35,16.00,-520.75,0.45
402694,161,12.35,18.00,-520.74,0.45
402719,161,12.35,15.00,-520.73,0.34
402744,161,12.35,15.00,-520.72,0.45
402769,161,12.35,20.00,-520.71,0.39
402794,161,12.35,16.00,-520.70,0.39
402819,1389,12.35,16.00,-520.69,0.45
402844,1389,12.35,539.00,-520.65,1.51
402869,1389,12.35,279.00,-520.57,3.25
402894,1389,12.35,184.00,-520.47,4.15
402919,1389,12.35,165.00,-520.35,4.88
402944,1389,12.35,122.00,-520.22,5.05
402969,1389,12.35,119.00,-520.09,5.27
402994,1389,12.35,113.00,-519.95,5.61
403019,1389,12.35,93.00,-519.81,5.44
403044,1389,12.35,93.00,-519.67,5.72
403069,1389,12.35,70.00,-519.53,5.55
403094,1389,12.35,84.00,-519.39,5.72
403119,1389,12.35,98.00,-519.25,5.55
403144,1389,12.35,83.00,-519.11,5.55
403169,1389,12.35,88.00,-518.96,5.83
403194,1389,12.35,77.00,-518.82,5.61
403219,1389,12.35,96.00,-518.68,5.83
403244,1389,12.35,78.00,-518.54,5.55
403269,1389,12.35,75.00,-518.40,5.61
403294,1389,12.35,95.00,-518.25,5.78
403319,1389,12.35,82.00,-518.11,5.61
403344,1389,12.35,82.00,-517.97,5.78
403369,1389,12.35,79.00,-517.83,5.55
403394,1389,12.35,86.00,-517.69,5.83
403419,1389,12.35,89.00,-517.55,5.61
403444,1389,12.35,83.00,-517.41,5.55
403469,1389,12.35,92.00,-517.26,5.83
403494,1389,12.35,94.00,-517.12,5.55
403519,1389,12.35,81.00,-516.98,5.83
403544,1389,12.35,72.00,-516.84,5.55
403569,1389,12.35,94.00,-516.70,5.61
403594,1389,12.35,90.00,-516.55,5.78
403619,1389,12.35,78.00,-516.41,5.61
403644,1389,12.35,95.00,-516.27,5.78
403669,1389,12.35,88.00,-516.13,5.61
403694,1389,12.35,80.00,-515.98,5.78
403719,1389,12.35,79.00,-515.84,5.61
403744,1389,12.35,90.00,-515.70,5.55
403769,1389,12.35,90.00,-515.56,5.83
403794,1389,12.35,76.00,-515.42,5.55
403819,2490,12.35,88.00,-515.27,5.83
403844,2490,12.35,708.00,-515.11,6.40
403869,2490,12.35,505.00,-514.92,7.80
403894,2490,12.35,378.00,-514.69,9.03
403919,2490,12.35,263.00,-514.46,9.20
403944,2490,12.35,225.00,-514.21,9.99
403969,2490,12.35,174.00,-513.97,9.82
403994,2490,12.35,156.00,-513.72,9.99
404019,2490,12.35,166.00,-513.46,10.49
404044,2490,12.35,150.00,-513.20,10.15
404069,2490,12.35,137.00,-512.94,10.60
404094,2490,12.35,153.00,-512.68,10.21
404119,2490,12.35,154.00,-512.41,10.66
404144,2490,12.35,167.00,-512.16,10.32
404169,2490,12.35,138.00,-511.90,10.27
404194,2490,12.35,130.00,-511.63,10.72
404219,2490,12.35,129.00,-511.37,10.32
404244,2490,12.35,159.00,-511.11,10.72
404269,2490,12.35,166.00,-510.85,10.32
404294,2490,12.35,117.00,-510.59,10.32
404319,2490,12.35,132.00,-510.32,10.77
404344,2490,12.35,151.00,-510.06,10.32
404369,2490,12.35,150.00,-509.79,10.72
404394,2490,12.35,140.00,-509.54,10.27
404419,2490,12.35,155.00,-509.27,10.72
404444,2490,12.35,136.00,-509.01,10.32
404469,2490,12.35,124.00,-508.76,10.27
404494,2490,12.35,112.00,-508.49,10.72
404519,2490,12.35,124.00,-508.23,10.32
404544,2490,12.35,154.00,-507.96,10.72
404569,2490,12.35,165.00,-507.70,10.32
404594,2490,12.35,177.00,-507.45,10.27
404619,2490,12.35,139.00,-507.18,10.77
404644,2490,12.35,119.00,-506.92,10.27
404669,2490,12.35,108.00,-506.65,10.72
404694,2490,12.35,136.00,-506.40,10.32
404719,2490,12.35,151.00,-506.14,10.32
404744,2490,12.35,177.00,-505.87,10.72
404769,2490,12.35,176.00,-505.61,10.27
404794,2490,12.35,138.00,-505.34,10.72
404819,3359,12.35,122.00,-505.09,10.32
404844,3359,12.35,698.00,-504.80,11.39
404869,3359,12.35,482.00,-504.51,11.84
404894,3359,12.35,396.00,-504.19,12.57
404919,3359,12.35,317.00,-503.85,13.52
404944,3359,12.35,304.00,-503.52,13.30
404969,3359,12.35,244.00,-503.17,14.08
404994,3359,12.35,245.00,-502.83,13.69
405019,3359,12.35,213.00,-502.48,13.80
405044,3359,12.35,200.00,-502.12,14.42
405069,3359,12.35,160.00,-501.77,13.97
405094,3359,12.35,163.00,-501.41,14.53
405119,3359,12.35,172.00,-501.06,13.97
405144,3359,12.35,195.00,-500.70,14.59
405169,3359,12.35,186.00,-500.34,14.02
405194,3359,12.35,162.00,-499.99,14.02
405219,3359,12.35,148.00,-499.63,14.64
405244,3359,12.35,157.00,-499.28,14.02
405269,3359,12.35,187.00,-498.91,14.59
405294,3359,12.35,146.00,-498.56,14.08
405319,3359,12.35,163.00,-498.21,14.02
405344,3359,12.35,155.00,-497.84,14.64
405369,3359,12.35,179.00,-497.49,14.08
405394,3359,12.35,209.00,-497.13,14.59
405419,3359,12.35,166.00,-496.78,14.08
405444,3359,12.35,174.00,-496.42,14.02
405469,3359,12.35,202.00,-496.06,14.59
405494,3359,12.35,190.00,-495.71,14.08
405519,3359,12.35,174.00,-495.34,14.64
405544,3359,12.35,166.00,-494.99,14.02
405569,3359,12.35,163.00,-494.63,14.59
405594,3359,12.35,148.00,-494.28,14.02
405619,3359,12.35,159.00,-493.92,14.08
405644,3359,12.35,152.00,-493.56,14.64
405669,3359,12.35,152.00,-493.21,14.02
405694,3359,12.35,177.00,-492.84,14.59
405719,3359,12.35,194.00,-492.49,14.02
405744,3359,12.35,175.00,-492.14,14.08
405769,3359,12.35,179.00,-491.77,14.64
405794,3359,12.35,174.00,-491.42,14.02
405819,3913,12.35,182.00,-491.06,14.64
405844,3913,12.35,544.00,-490.70,14.42
405869,3913,12.35,440.00,-490.31,15.60
405894,3913,12.35,378.00,-489.92,15.43
405919,3913,12.35,324.00,-489.53,15.71
405944,3913,12.35,280.00,-489.12,16.55
405969,3913,12.35,263.00,-488.71,16.10
405994,3913,12.35,246.00,-488.29,16.83
406019,3913,12.35,221.00,-487.89,16.27
406044,3913,12.35,229.00,-487.48,16.33
406069,3913,12.35,196.00,-487.05,17.05
406094,3913,12.35,206.00,-486.64,16.38
406119,3913,12.35,204.00,-486.21,17.11
406144,3913,12.35,206.00,-485.80,16.44
406169,3913,12.35,206.00,-485.39,16.49
406194,3913,12.35,189.00,-484.96,17.17
406219,3913,12.35,190.00,-484.55,16.49
406244,3913,12.35,185.00,-484.12,17.17
406269,3913,12.35,188.00,-483.71,16.49
406294,3913,12.35,194.00,-483.28,17.17
406319,3913,12.35,205.00,-482.87,16.49
406344,3913,12.35,185.00,-482.45,16.49
406369,3913,12.35,199.00,-482.02,17.22
406394,3913,12.35,182.00,-481.61,16.49
406419,3913,12.35,190.00,-481.18,17.17
406444,3913,12.35,176.00,-480.77,16.55
406469,3913,12.35,197.00,-480.36,16.49
406494,3913,12.35,204.00,-479.93,17.17
406519,3913,12.35,203.00,-479.51,16.55
406544,3913,12.35,201.00,-479.08,17.17
406569,3913,12.35,179.00,-478.67,16.55
406594,3913,12.35,186.00,-478.24,17.17
406619,3913,12.35,194.00,-477.83,16.55
406644,3913,12.35,204.00,-477.41,16.49
406669,3913,12.35,195.00,-476.98,17.22
406694,3913,12.35,198.00,-476.57,16.49
406719,3913,12.35,195.00,-476.14,17.22
406744,3913,12.35,187.00,-475.73,16.49
406769,3913,12.35,178.00,-475.31,16.55
406794,3913,12.35,194.00,-474.88,17.22
406819,4096,12.35,198.00,-474.47,16.49
406844,4096,12.35,335.00,-474.04,17.28
406869,4096,12.35,273.00,-473.62,16.83
406894,4096,12.35,271.00,-473.18,17.67
406919,4096,12.35,223.00,-472.75,17.05
406944,4096,12.35,235.00,-472.32,17.11
406969,4096,12.35,219.00,-471.88,17.90
406994,4096,12.35,218.00,-471.45,17.22
407019,4096,12.35,200.00,-471.00,17.95
407044,4096,12.35,207.00,-470.56,17.28
407069,4096,12.35,194.00,-470.13,17.28
407094,4096,12.35,206.00,-469.68,18.01
407119,4096,12.35,207.00,-469.25,17.28
407144,4096,12.35,190.00,-468.80,18.01
407169,4096,12.35,202.00,-468.37,17.33
407194,4096,12.35,192.00,-467.93,17.28
407219,4096,12.35,206.00,-467.48,18.01
407244,4096,12.35,203.00,-467.05,17.33
407269,4096,12.35,194.00,-466.60,18.01
407294,4096,12.35,199.00,-466.17,17.28
407319,4096,12.35,197.00,-465.72,18.06
407344,4096,12.35,191.00,-465.28,17.33
407369,4096,12.35,194.00,-464.85,17.33
407394,4096,12.35,194.00,-464.40,18.01
407419,4096,12.35,202.00,-463.97,17.33
407444,4096,12.35,196.00,-463.52,18.01
407469,4096,12.35,198.00,-463.08,17.28
407494,4096,12.35,196.00,-462.65,17.33
407519,4096,12.35,202.00,-462.20,18.01
407544,4096,12.35,194.00,-461.77,17.33
407569,4096,12.35,198.00,-461.32,18.01
407594,4096,12.35,203.00,-460.89,17.28
407619,4096,12.35,205.00,-460.43,18.06
407644,4096,12.35,195.00,-460.00,17.33
407669,4096,12.35,194.00,-459.57,17.28
407694,4096,12.35,181.00,-459.12,18.01
407719,4096,12.35,196.00,-458.69,17.33
407744,4096,12.35,208.00,-458.23,18.01
407769,4096,12.35,193.00,-457.80,17.28
407794,4096,12.35,203.00,-457.37,17.28
407819,3887,12.35,186.00,-456.92,18.01
407844,3887,12.35,85.00,-456.49,17.17
407869,3887,12.35,97.00,-456.05,17.67
407894,3887,12.35,127.00,-455.63,16.77
407919,3887,12.35,145.00,-455.21,16.72
407944,3887,12.35,128.00,-454.78,17.28
407969,3887,12.35,152.00,-454.37,16.55
407994,3887,12.35,183.00,-453.94,17.17
408019,3887,12.35,185.00,-453.53,16.49
408044,3887,12.35,176.00,-453.10,17.17
408069,3887,12.35,177.00,-452.69,16.44
408094,3887,12.35,179.00,-452.27,16.44
408119,3887,12.35,175.00,-451.85,17.05
408144,3887,12.35,166.00,-451.44,16.38
408169,3887,12.35,187.00,-451.01,17.11
408194,3887,12.35,196.00,-450.60,16.38
408219,3887,12.35,178.00,-450.19,16.38
408244,3887,12.35,188.00,-449.77,17.05
408269,3887,12.35,188.00,-449.36,16.38
408294,3887,12.35,208.00,-448.93,17.05
408319,3887,12.35,197.00,-448.52,16.38
408344,3887,12.35,185.00,-448.09,17.05
408369,3887,12.35,187.00,-447.68,16.38
408394,3887,12.35,202.00,-447.27,16.38
408419,3887,12.35,185.00,-446.85,17.05
408444,3887,12.35,174.00,-446.44,16.38
408469,3887,12.35,197.00,-446.01,17.05
408494,3887,12.35,188.00,-445.60,16.38
408519,3887,12.35,177.00,-445.19,16.44
408544,3887,12.35,187.00,-444.77,17.05
408569,3887,12.35,169.00,-444.36,16.38
408594,3887,12.35,197.00,-443.93,17.05
408619,3887,12.35,199.00,-443.52,16.38
408644,3887,12.35,185.00,-443.11,16.38
408669,3887,12.35,184.00,-442.68,17.11
408694,3887,12.35,198.00,-442.27,16.33
408719,3887,12.35,192.00,-441.85,17.05
408744,3887,12.35,184.00,-441.44,16.38
408769,3887,12.35,171.00,-441.01,17.11
408794,3887,12.35,187.00,-440.60,16.38
408819,3305,12.35,170.00,-440.19,16.38
408844,3305,12.35,-44.00,-439.77,16.77
408869,3305,12.35,-14.00,-439.38,15.65
408894,3305,12.35,8.00,-438.98,15.88
408919,3305,12.35,-3.00,-438.61,14.98
408944,3305,12.35,-24.00,-438.25,14.53
408969,3305,12.35,111.00,-437.87,14.87
408994,3305,12.35,127.00,-437.52,14.14
409019,3305,12.35,131.00,-437.16,14.64
409044,3305,12.35,121.00,-436.80,14.02
409069,3305,12.35,150.00,-436.44,14.59
409094,3305,12.35,167.00,-436.09,13.91
409119,3305,12.35,154.00,-435.74,13.91
409144,3305,12.35,198.00,-435.38,14.42
409169,3305,12.35,140.00,-435.04,13.91
409194,3305,12.35,171.00,-434.67,14.47
409219,3305,12.35,151.00,-434.33,13.86
409244,3305,12.35,166.00,-433.98,13.86
409269,3305,12.35,168.00,-433.62,14.42
409294,3305,12.35,221.00,-433.27,13.86
409319,3305,12.35,154.00,-432.91,14.47
409344,3305,12.35,185.00,-432.57,13.86
409369,3305,12.35,163.00,-432.22,13.86
409394,3305,12.35,173.00,-431.86,14.42
409419,3305,12.35,156.00,-431.51,13.86
409444,3305,12.35,167.00,-431.15,14.42
409469,3305,12.35,165.00,-430.81,13.86
409494,3305,12.35,194.00,-430.45,14.42
409519,3305,12.35,190.00,-430.10,13.86
409544,3305,12.35,147.00,-429.75,13.80
409569,3305,12.35,176.00,-429.39,14.47
409594,3305,12.35,157.00,-429.05,13.86
409619,3305,12.35,156.00,-428.69,14.42
409644,3305,12.35,157.00,-428.34,13.91
409669,3305,12.35,184.00,-427.99,13.80
409694,3305,12.35,138.00,-427.63,14.47
409719,3305,12.35,166.00,-427.29,13.80
409744,3305,12.35,166.00,-426.93,14.42
409769,3305,12.35,178.00,-426.58,13.86
409794,3305,12.35,192.00,-426.22,14.42
409819,2402,12.35,158.00,-425.87,13.86
409844,2402,12.35,-151.00,-425.54,13.30
409869,2402,12.35,-34.00,-425.21,13.13
409894,2402,12.35,33.00,-424.91,12.12
409919,2402,12.35,60.00,-424.60,12.23
409944,2402,12.35,37.00,-424.32,11.33
409969,2402,12.35,-9.00,-424.04,11.00
409994,2402,12.35,34.00,-423.77,11.05
410019,2402,12.35,105.00,-423.51,10.32
410044,2402,12.35,102.00,-423.25,10.55
410069,2402,12.35,83.00,-422.99,10.10
410094,2402,12.35,115.00,-422.73,10.49
410119,2402,12.35,123.00,-422.48,9.99
410144,2402,12.35,154.00,-422.23,9.99
410169,2402,12.35,151.00,-421.97,10.32
410194,2402,12.35,134.00,-421.73,9.99
410219,2402,12.35,129.00,-421.47,10.38
410244,2402,12.35,128.00,-421.22,9.93
410269,2402,12.35,138.00,-420.97,9.93
410294,2402,12.35,122.00,-420.71,10.38
410319,2402,12.35,125.00,-420.46,9.93
410344,2402,12.35,151.00,-420.20,10.38
410369,2402,12.35,115.00,-419.95,9.93
410394,2402,12.35,122.00,-419.71,9.93
410419,2402,12.35,129.00,-419.45,10.32
410444,2402,12.35,163.00,-419.20,9.93
410469,2402,12.35,124.00,-418.94,10.38
410494,2402,12.35,121.00,-418.69,9.93
410519,2402,12.35,125.00,-418.43,10.32
410544,2402,12.35,157.00,-418.19,9.93
410569,2402,12.35,163.00,-417.94,9.93
410594,2402,12.35,116.00,-417.68,10.38
410619,2402,12.35,121.00,-417.43,9.93
410644,2402,12.35,136.00,-417.17,10.32
410669,2402,12.35,118.00,-416.92,9.99
410694,2402,12.35,124.00,-416.67,9.93
410719,2402,12.35,132.00,-416.42,10.32
410744,2402,12.35,141.00,-416.17,9.93
410769,2402,12.35,163.00,-415.91,10.38
410794,2402,12.35,151.00,-415.66,9.93
410819,1264,12.35,128.00,-415.40,10.38
410844,1264,12.35,-140.00,-415.17,9.14
410869,1264,12.35,-63.00,-414.97,7.85
410894,1264,12.35,-7.00,-414.79,7.46
410919,1264,12.35,-3.00,-414.62,6.62
410944,1264,12.35,14.00,-414.46,6.56
410969,1264,12.35,31.00,-414.31,5.95
410994,1264,12.35,42.00,-414.17,5.67
411019,1264,12.35,31.00,-414.03,5.67
411044,1264,12.35,67.00,-413.90,5.22
411069,1264,12.35,59.00,-413.76,5.39
411094,1264,12.35,65.00,-413.63,5.16
411119,1264,12.35,79.00,-413.51,5.11
411144,1264,12.35,86.00,-413.37,5.22
411169,1264,12.35,78.00,-413.25,5.05
411194,1264,12.35,65.00,-413.12,5.27
411219,1264,12.35,74.00,-412.99,5.05
411244,1264,12.35,79.00,-412.86,5.22
411269,1264,12.35,82.00,-412.73,5.05
411294,1264,12.35,72.00,-412.61,5.11
411319,1264,12.35,74.00,-412.48,5.22
411344,1264,12.35,92.00,-412.35,5.11
411369,1264,12.35,84.00,-412.22,5.22
411394,1264,12.35,62.00,-412.09,5.11
411419,1264,12.35,83.00,-411.96,5.05
411444,1264,12.35,64.00,-411.83,5.22
411469,1264,12.35,76.00,-411.71,5.05
411494,1264,12.35,82.00,-411.58,5.27
411519,1264,12.35,77.00,-411.45,5.05
411544,1264,12.35,78.00,-411.32,5.27
411569,1264,12.35,78.00,-411.19,5.05
411594,1264,12.35,96.00,-411.06,5.05
411619,1264,12.35,86.00,-410.93,5.27
411644,1264,12.35,63.00,-410.81,5.05
411669,1264,12.35,73.00,-410.67,5.27
411694,1264,12.35,83.00,-410.55,5.05
411719,1264,12.35,82.00,-410.42,5.05
411744,1264,12.35,85.00,-410.29,5.27
411769,1264,12.35,76.00,-410.16,5.05
411794,1264,12.35,80.00,-410.03,5.27
411819,0,12.35,68.00,-409.91,5.05
411844,0,12.35,10.00,-409.81,3.93
411869,0,12.35,8.00,-409.75,2.19
411894,0,12.35,10.00,-409.73,1.07
411919,0,12.35,10.00,-409.72,0.45
411944,0,12.35,8.00,-409.71,0.17
411969,0,12.35,10.00,-409.71,0.00
411994,0,12.35,10.00,-409.71,0.00
412019,0,12.35,9.00,-409.71,0.00
412044,0,12.35,9.00,-409.71,0.00
412069,0,12.35,10.00,-409.71,0.00
412094,0,12.35,9.00,-409.71,0.00
412119,0,12.35,10.00,-409.71,0.00
412144,0,12.35,10.00,-409.71,0.00
412169,0,12.35,9.00,-409.71,0.00
412194,0,12.35,9.00,-409.71,0.00
412219,0,12.35,10.00,-409.71,0.00
412244,0,12.35,9.00,-409.71,0.00
412269,0,12.35,9.00,-409.71,0.00
412294,0,12.35,9.00,-409.71,0.00
412319,0,12.35,10.00,-409.71,0.00
412344,0,12.35,10.00,-409.71,0.00
412369,0,12.35,9.00,-409.71,0.00
412394,0,12.35,10.00,-409.71,0.00
412419,0,12.35,10.00,-409.71,0.00
412444,0,12.35,10.00,-409.71,0.00
412469,0,12.35,9.00,-409.71,0.00
412494,0,12.35,10.00,-409.71,0.00
412519,0,12.35,10.00,-409.71,0.00
412544,0,12.35,10.00,-409.71,0.00
412569,0,12.35,9.00,-409.71,0.00
412594,0,12.35,10.00,-409.71,0.00
412619,0,12.35,10.00,-409.71,0.00
412644,0,12.35,9.00,-409.71,0.00
412669,0,12.35,10.00,-409.71,0.00
412694,0,12.35,9.00,-409.71,0.00
412719,0,12.35,9.00,-409.71,0.00
412744,0,12.35,9.00,-409.71,0.00
412769,0,12.35,9.00,-409.71,0.00
412794,0,12.35,10.00,-409.71,0.00
412819,0,12.35,9.00,-409.71,0.00
412844,0,12.35,10.00,-409.71,0.00
412869,0,12.35,8.00,-409.71,0.00
412894,0,12.35,9.00,-409.71,0.00
412919,0,12.35,9.00,-409.71,0.00
412944,0,12.35,10.00,-409.71,0.00
412969,0,12.35,8.00,-409.71,0.00
412994,0,12.35,9.00,-409.71,0.00
413019,0,12.35,10.00,-409.71,0.00
413044,0,12.35,10.00,-409.71,0.00
413069,0,12.35,9.00,-409.71,0.00
413094,0,12.35,10.00,-409.71,0.00
413119,0,12.35,10.00,-409.71,0.00
413144,0,12.35,10.00,-409.71,0.00
413169,0,12.35,9.00,-409.71,0.00
413194,0,12.35,9.00,-409.71,0.00
413219,0,12.35,9.00,-409.71,0.00
413244,0,12.35,10.00,-409.71,0.00
413269,0,12.35,10.00,-409.71,0.00
413294,0,12.35,9.00,-409.71,0.00
413319,0,12.35,9.00,-409.71,0.00
413344,0,12.35,10.00,-409.71,0.00
413369,0,12.35,10.00,-409.71,0.00
413394,0,12.35,8.00,-409.71,0.00
413419,0,12.35,10.00,-409.71,0.00
413444,0,12.35,10.00,-409.71,0.00
413469,0,12.35,10.00,-409.71,0.00
413494,0,12.35,8.00,-409.71,0.00
413519,0,12.35,9.00,-409.71,0.00
413544,0,12.35,9.00,-409.71,0.00
413569,0,12.35,9.00,-409.71,0.00
413594,0,12.35,10.00,-409.71,0.00
413619,0,12.35,9.00,-409.71,0.00
413644,0,12.35,8.00,-409.71,0.00
413669,0,12.35,10.00,-409.71,0.00
413694,0,12.35,10.00,-409.71,0.00
413719,0,12.35,10.00,-409.71,0.00
413744,0,12.35,9.00,-409.71,0.00
413769,0,12.35,10.00,-409.71,0.00
413794,0,12.35,9.00,-409.71,0.00
413819,0,12.35,9.00,-409.71,0.00
413844,0,12.35,8.00,-409.71,0.00
413869,0,12.35,9.00,-409.71,0.00
413894,0,12.35,10.00,-409.71,0.00
413919,0,12.35,10.00,-409.71,0.00
413944,0,12.35,10.00,-409.71,0.00
413969,0,12.35,10.00,-409.71,0.00
413994,0,12.35,8.00,-409.71,0.00
414019,0,12.35,9.00,-409.71,0.00
414044,0,12.35,9.00,-409.71,0.00
414069,0,12.35,10.00,-409.71,0.00
414094,0,12.35,10.00,-409.71,0.00
414119,0,12.35,9.00,-409.71,0.00
414144,0,12.35,9.00,-409.71,0.00
414169,0,12.35,10.00,-409.71,0.00
414194,0,12.35,10.00,-409.71,0.00
414219,0,12.35,10.00,-409.71,0.00
414244,0,12.35,10.00,-409.71,0.00
414269,0,12.35,11.00,-409.71,0.00
414294,0,12.35,10.00,-409.71,0.00
414319,0,12.35,9.00,-409.71,0.00
414344,0,12.35,9.00,-409.71,0.00
414369,0,12.35,10.00,-409.71,0.00
414394,0,12.35,11.00,-409.71,0.00
414419,0,12.35,9.00,-409.71,0.00
414444,0,12.35,10.00,-409.71,0.00
414469,0,12.35,10.00,-409.71,0.00
414494,0,12.35,9.00,-409.71,0.00
414519,0,12.35,8.00,-409.71,0.00
414544,0,12.35,10.00,-409.71,0.00
414569,0,12.35,10.00,-409.71,0.00
414594,0,12.35,10.00,-409.71,0.00
414619,0,12.35,8.00,-409.71,0.00
414644,0,12.35,9.00,-409.71,0.00
414669,0,12.35,7.00,-409.71,0.00
414694,0,12.35,9.00,-409.71,0.00
414719,0,12.35,10.00,-409.71,0.00
414744,0,12.35,10.00,-409.71,0.00
414769,0,12.35,9.00,-409.71,0.00
414794,0,12.35,9.00,-409.71,0.00
414819,0,12.35,9.00,-409.71,0.00
414844,0,12.35,9.00,-409.71,0.00
414869,0,12.35,8.00,-409.71,0.00
414894,0,12.35,9.00,-409.71,0.00
414919,0,12.35,10.00,-409.71,0.00
414944,0,12.35,9.00,-409.71,0.00
414969,0,12.35,9.00,-409.71,0.00
414994,0,12.35,10.00,-409.71,0.00
415019,0,12.35,10.00,-409.71,0.00
415044,0,12.35,10.00,-409.71,0.00
415069,0,12.35,9.00,-409.71,0.00
415094,0,12.35,9.00,-409.71,0.00
415119,0,12.35,9.00,-409.71,0.00
415144,0,12.35,9.00,-409.71,0.00
415169,0,12.35,9.00,-409.71,0.00
415194,0,12.35,8.00,-409.71,0.00
415219,0,12.35,10.00,-409.71,0.00
415244,0,12.35,9.00,-409.71,0.00
415269,0,12.35,9.00,-409.71,0.00
415294,0,12.35,8.00,-409.71,0.00
415319,0,12.35,10.00,-409.71,0.00
415344,0,12.35,11.00,-409.71,0.00
415369,0,12.35,10.00,-409.71,0.00
415394,0,12.35,10.00,-409.71,0.00
415419,0,12.35,10.00,-409.71,0.00
415444,0,12.35,9.00,-409.71,0.00
415469,0,12.35,10.00,-409.71,0.00
415494,0,12.35,10.00,-409.71,0.00
415519,0,12.35,10.00,-409.71,0.00
415544,0,12.35,9.00,-409.71,0.00
415569,0,12.35,10.00,-409.71,0.00
415594,0,12.35,10.00,-409.71,0.00
415619,0,12.35,9.00,-409.71,0.00
415644,0,12.35,9.00,-409.71,0.00
415669,0,12.35,10.00,-409.71,0.00
415694,0,12.35,10.00,-409.71,0.00
415719,0,12.35,8.00,-409.71,0.00
415744,0,12.35,10.00,-409.71,0.00
415769,0,12.35,10.00,-409.71,0.00
415794,0,12.35,10.00,-409.71,0.00
415819,0,12.35,10.00,-409.71,0.00